0	8.14896e-05
7.417e-13	8.13524e-05
1.4834e-12	8.11911e-05
2.2251e-12	8.1005e-05
2.9668e-12	8.07937e-05
3.7085e-12	8.05567e-05
4.4502e-12	8.02934e-05
5.1919e-12	8.00034e-05
5.9336e-12	7.96862e-05
6.6753e-12	7.93412e-05
7.417e-12	7.89679e-05
8.1587e-12	7.85658e-05
8.90041e-12	7.81344e-05
9.64211e-12	7.76731e-05
1.03838e-11	7.71815e-05
1.11255e-11	7.66589e-05
1.18672e-11	7.61049e-05
1.26089e-11	7.55189e-05
1.33506e-11	7.49003e-05
1.40923e-11	7.42486e-05
1.4834e-11	7.35632e-05
1.55757e-11	7.28437e-05
1.63174e-11	7.20894e-05
1.70591e-11	7.12998e-05
1.78008e-11	7.04743e-05
1.85425e-11	6.96123e-05
1.92842e-11	6.87134e-05
2.00259e-11	6.77768e-05
2.07676e-11	6.68021e-05
2.15093e-11	6.57886e-05
2.2251e-11	6.47358e-05
2.29927e-11	6.36431e-05
2.37344e-11	6.251e-05
2.44761e-11	6.13358e-05
2.52178e-11	6.01199e-05
2.59595e-11	5.88618e-05
2.67012e-11	5.75609e-05
2.74429e-11	5.62167e-05
2.81846e-11	5.48284e-05
2.89263e-11	5.33955e-05
2.9668e-11	5.19174e-05
3.04097e-11	5.03936e-05
3.11514e-11	4.88234e-05
3.18931e-11	4.72063e-05
3.26348e-11	4.55416e-05
3.33765e-11	4.38288e-05
3.41182e-11	4.20672e-05
3.48599e-11	4.02563e-05
3.56016e-11	3.83954e-05
3.63433e-11	3.64841e-05
3.7085e-11	3.45216e-05
3.78267e-11	3.25074e-05
3.85684e-11	3.0441e-05
3.93101e-11	2.83216e-05
4.00518e-11	2.61488e-05
4.07935e-11	2.39219e-05
4.15352e-11	2.16403e-05
4.22769e-11	1.93035e-05
4.30186e-11	1.69109e-05
4.37603e-11	1.4462e-05
4.4502e-11	1.1956e-05
4.52437e-11	9.39247e-06
4.59854e-11	6.77083e-06
4.67271e-11	4.0905e-06
4.74688e-11	1.35091e-06
4.82105e-11	-1.44849e-06
4.89522e-11	-4.30828e-06
4.96939e-11	-7.22899e-06
5.04356e-11	-1.02112e-05
5.11773e-11	-1.32554e-05
5.1919e-11	-1.63622e-05
5.26607e-11	-1.95322e-05
5.34024e-11	-2.27657e-05
5.41441e-11	-2.60635e-05
5.48858e-11	-2.94259e-05
5.56275e-11	-3.28536e-05
5.63692e-11	-3.6347e-05
5.71109e-11	-3.99066e-05
5.78526e-11	-4.35329e-05
5.85943e-11	-4.72265e-05
5.9336e-11	-5.09878e-05
6.00777e-11	-5.48172e-05
6.08194e-11	-5.87153e-05
6.15611e-11	-6.26826e-05
6.23028e-11	-6.67194e-05
6.30445e-11	-7.08262e-05
6.37862e-11	-7.50035e-05
6.45279e-11	-7.92516e-05
6.52696e-11	-8.35711e-05
6.60113e-11	-8.79623e-05
6.6753e-11	-9.24256e-05
6.74947e-11	-9.69614e-05
6.82364e-11	-0.00010157
6.89781e-11	-0.000106252
6.97198e-11	-0.000111008
7.04615e-11	-0.000115837
7.12032e-11	-0.000120741
7.19449e-11	-0.00012572
7.26866e-11	-0.000130773
7.34283e-11	-0.000135902
7.417e-11	-0.000141106
7.49117e-11	-0.000146386
7.56534e-11	-0.000151742
7.63951e-11	-0.000157175
7.71368e-11	-0.000162684
7.78785e-11	-0.00016827
7.86202e-11	-0.000173932
7.93619e-11	-0.000179672
8.01036e-11	-0.00018549
8.08453e-11	-0.000191385
8.1587e-11	-0.000197357
8.23287e-11	-0.000203408
8.30704e-11	-0.000209536
8.38121e-11	-0.000215742
8.45538e-11	-0.000222026
8.52956e-11	-0.000228389
8.60373e-11	-0.000234829
8.6779e-11	-0.000241348
8.75207e-11	-0.000247945
8.82624e-11	-0.00025462
8.90041e-11	-0.000261373
8.97458e-11	-0.000268205
9.04875e-11	-0.000275114
9.12292e-11	-0.000282102
9.19709e-11	-0.000289167
9.27126e-11	-0.00029631
9.34543e-11	-0.00030353
9.4196e-11	-0.000310828
9.49377e-11	-0.000318202
9.56794e-11	-0.000325654
9.64211e-11	-0.000333182
9.71628e-11	-0.000340787
9.79045e-11	-0.000348468
9.86462e-11	-0.000356224
9.93879e-11	-0.000364056
1.0013e-10	-0.000371963
1.00871e-10	-0.000379945
1.01613e-10	-0.000388
1.02355e-10	-0.00039613
1.03096e-10	-0.000404333
1.03838e-10	-0.000412608
1.0458e-10	-0.000420956
1.05321e-10	-0.000429376
1.06063e-10	-0.000437866
1.06805e-10	-0.000446427
1.07547e-10	-0.000455058
1.08288e-10	-0.000463758
1.0903e-10	-0.000472527
1.09772e-10	-0.000481363
1.10513e-10	-0.000490266
1.11255e-10	-0.000499236
1.11997e-10	-0.000508271
1.12738e-10	-0.00051737
1.1348e-10	-0.000526532
1.14222e-10	-0.000535758
1.14964e-10	-0.000545045
1.15705e-10	-0.000554393
1.16447e-10	-0.0005638
1.17189e-10	-0.000573266
1.1793e-10	-0.00058279
1.18672e-10	-0.00059237
1.19414e-10	-0.000602005
1.20155e-10	-0.000611694
1.20897e-10	-0.000621436
1.21639e-10	-0.000631229
1.22381e-10	-0.000641073
1.23122e-10	-0.000650966
1.23864e-10	-0.000660906
1.24606e-10	-0.000670892
1.25347e-10	-0.000680923
1.26089e-10	-0.000690997
1.26831e-10	-0.000701112
1.27572e-10	-0.000711268
1.28314e-10	-0.000721461
1.29056e-10	-0.000731692
1.29798e-10	-0.000741958
1.30539e-10	-0.000752256
1.31281e-10	-0.000762587
1.32023e-10	-0.000772947
1.32764e-10	-0.000783335
1.33506e-10	-0.000793749
1.34248e-10	-0.000804187
1.34989e-10	-0.000814647
1.35731e-10	-0.000825126
1.36473e-10	-0.000835624
1.37215e-10	-0.000846138
1.37956e-10	-0.000856665
1.38698e-10	-0.000867204
1.3944e-10	-0.000877752
1.40181e-10	-0.000888307
1.40923e-10	-0.000898866
1.41665e-10	-0.000909428
1.42406e-10	-0.000919989
1.43148e-10	-0.000930548
1.4389e-10	-0.000941101
1.44632e-10	-0.000951647
1.45373e-10	-0.000962182
1.46115e-10	-0.000972704
1.46857e-10	-0.000983211
1.47598e-10	-0.000993699
1.4834e-10	-0.00100417
1.49082e-10	-0.00101461
1.49823e-10	-0.00102502
1.50565e-10	-0.00103541
1.51307e-10	-0.00104576
1.52049e-10	-0.00105608
1.5279e-10	-0.00106636
1.53532e-10	-0.00107659
1.54274e-10	-0.00108678
1.55015e-10	-0.00109692
1.55757e-10	-0.00110701
1.56499e-10	-0.00111705
1.5724e-10	-0.00112702
1.57982e-10	-0.00113694
1.58724e-10	-0.00114679
1.59466e-10	-0.00115657
1.60207e-10	-0.00116627
1.60949e-10	-0.00117591
1.61691e-10	-0.00118546
1.62432e-10	-0.00119493
1.63174e-10	-0.00120431
1.63916e-10	-0.0012136
1.64657e-10	-0.00122279
1.65399e-10	-0.00123189
1.66141e-10	-0.00124088
1.66883e-10	-0.00124977
1.67624e-10	-0.00125854
1.68366e-10	-0.0012672
1.69108e-10	-0.00127575
1.69849e-10	-0.00128417
1.70591e-10	-0.00129246
1.71333e-10	-0.00130062
1.72075e-10	-0.00130864
1.72816e-10	-0.00131652
1.73558e-10	-0.00132426
1.743e-10	-0.00133185
1.75041e-10	-0.00133929
1.75783e-10	-0.00134656
1.76525e-10	-0.00135368
1.77266e-10	-0.00136062
1.78008e-10	-0.0013674
1.7875e-10	-0.00137399
1.79492e-10	-0.00138041
1.80233e-10	-0.00138664
1.80975e-10	-0.00139267
1.81717e-10	-0.00139851
1.82458e-10	-0.00140415
1.832e-10	-0.00140958
1.83942e-10	-0.0014148
1.84683e-10	-0.00141981
1.85425e-10	-0.00142459
1.86167e-10	-0.00142914
1.86909e-10	-0.00143346
1.8765e-10	-0.00143755
1.88392e-10	-0.00144139
1.89134e-10	-0.00144498
1.89875e-10	-0.00144832
1.90617e-10	-0.0014514
1.91359e-10	-0.00145422
1.921e-10	-0.00145677
1.92842e-10	-0.00145904
1.93584e-10	-0.00146103
1.94326e-10	-0.00146273
1.95067e-10	-0.00146414
1.95809e-10	-0.00146526
1.96551e-10	-0.00146607
1.97292e-10	-0.00146657
1.98034e-10	-0.00146675
1.98776e-10	-0.00146662
1.99517e-10	-0.00146616
2.00259e-10	-0.00146536
2.01001e-10	-0.00146423
2.01743e-10	-0.00146275
2.02484e-10	-0.00146093
2.03226e-10	-0.00145874
2.03968e-10	-0.0014562
2.04709e-10	-0.00145328
2.05451e-10	-0.00144999
2.06193e-10	-0.00144633
2.06934e-10	-0.00144227
2.07676e-10	-0.00143783
2.08418e-10	-0.00143298
2.0916e-10	-0.00142773
2.09901e-10	-0.00142207
2.10643e-10	-0.001416
2.11385e-10	-0.0014095
2.12126e-10	-0.00140257
2.12868e-10	-0.0013952
2.1361e-10	-0.0013874
2.14351e-10	-0.00137914
2.15093e-10	-0.00137044
2.15835e-10	-0.00136127
2.16577e-10	-0.00135164
2.17318e-10	-0.00134153
2.1806e-10	-0.00133095
2.18802e-10	-0.00131988
2.19543e-10	-0.00130832
2.20285e-10	-0.00129626
2.21027e-10	-0.0012837
2.21768e-10	-0.00127063
2.2251e-10	-0.00125704
2.23252e-10	-0.00124293
2.23994e-10	-0.00122829
2.24735e-10	-0.00121312
2.25477e-10	-0.00119741
2.26219e-10	-0.00118115
2.2696e-10	-0.00116434
2.27702e-10	-0.00114697
2.28444e-10	-0.00112903
2.29185e-10	-0.00111053
2.29927e-10	-0.00109144
2.30669e-10	-0.00107178
2.31411e-10	-0.00105152
2.32152e-10	-0.00103067
2.32894e-10	-0.00100922
2.33636e-10	-0.000987162
2.34377e-10	-0.000964492
2.35119e-10	-0.000941203
2.35861e-10	-0.00091729
2.36602e-10	-0.000892747
2.37344e-10	-0.000867569
2.38086e-10	-0.000841749
2.38828e-10	-0.000815283
2.39569e-10	-0.000788164
2.40311e-10	-0.000760388
2.41053e-10	-0.000731948
2.41794e-10	-0.00070284
2.42536e-10	-0.000673058
2.43278e-10	-0.000642596
2.44019e-10	-0.00061145
2.44761e-10	-0.000579615
2.45503e-10	-0.000547085
2.46245e-10	-0.000513856
2.46986e-10	-0.000479921
2.47728e-10	-0.000445278
2.4847e-10	-0.00040992
2.49211e-10	-0.000373843
2.49953e-10	-0.000337043
2.50695e-10	-0.000299515
2.51436e-10	-0.000261254
2.52178e-10	-0.000222256
2.5292e-10	-0.000182517
2.53662e-10	-0.000142033
2.54403e-10	-0.000100799
2.55145e-10	-5.88114e-05
2.55887e-10	-1.60665e-05
2.56628e-10	2.74396e-05
2.5737e-10	7.17106e-05
2.58112e-10	0.00011675
2.58853e-10	0.000162562
2.59595e-10	0.000209149
2.60337e-10	0.000256514
2.61079e-10	0.000304661
2.6182e-10	0.000353593
2.62562e-10	0.000403313
2.63304e-10	0.000453824
2.64045e-10	0.000505127
2.64787e-10	0.000557226
2.65529e-10	0.000610123
2.6627e-10	0.00066382
2.67012e-10	0.00071832
2.67754e-10	0.000773624
2.68496e-10	0.000829735
2.69237e-10	0.000886653
2.69979e-10	0.00094438
2.70721e-10	0.00100292
2.71462e-10	0.00106227
2.72204e-10	0.00112243
2.72946e-10	0.00118341
2.73687e-10	0.0012452
2.74429e-10	0.00130781
2.75171e-10	0.00137123
2.75913e-10	0.00143547
2.76654e-10	0.00150053
2.77396e-10	0.0015664
2.78138e-10	0.00163309
2.78879e-10	0.00170059
2.79621e-10	0.00176891
2.80363e-10	0.00183804
2.81104e-10	0.00190799
2.81846e-10	0.00197874
2.82588e-10	0.00205031
2.8333e-10	0.00212268
2.84071e-10	0.00219586
2.84813e-10	0.00226985
2.85555e-10	0.00234464
2.86296e-10	0.00242023
2.87038e-10	0.00249662
2.8778e-10	0.0025738
2.88521e-10	0.00265177
2.89263e-10	0.00273053
2.90005e-10	0.00281008
2.90747e-10	0.00289041
2.91488e-10	0.00297151
2.9223e-10	0.00305339
2.92972e-10	0.00313604
2.93713e-10	0.00321945
2.94455e-10	0.00330362
2.95197e-10	0.00338854
2.95938e-10	0.00347421
2.9668e-10	0.00356063
2.97422e-10	0.00364778
2.98164e-10	0.00373566
2.98905e-10	0.00382427
2.99647e-10	0.00391359
3.00389e-10	0.00400363
3.0113e-10	0.00409437
3.01872e-10	0.00418581
3.02614e-10	0.00427794
3.03355e-10	0.00437074
3.04097e-10	0.00446422
3.04839e-10	0.00455837
3.05581e-10	0.00465317
3.06322e-10	0.00474861
3.07064e-10	0.0048447
3.07806e-10	0.00494141
3.08547e-10	0.00503873
3.09289e-10	0.00513667
3.10031e-10	0.0052352
3.10772e-10	0.00533432
3.11514e-10	0.00543402
3.12256e-10	0.00553428
3.12998e-10	0.00563509
3.13739e-10	0.00573644
3.14481e-10	0.00583832
3.15223e-10	0.00594071
3.15964e-10	0.00604361
3.16706e-10	0.006147
3.17448e-10	0.00625086
3.18189e-10	0.00635519
3.18931e-10	0.00645997
3.19673e-10	0.00656517
3.20415e-10	0.0066708
3.21156e-10	0.00677684
3.21898e-10	0.00688326
3.2264e-10	0.00699005
3.23381e-10	0.00709721
3.24123e-10	0.0072047
3.24865e-10	0.00731252
3.25606e-10	0.00742065
3.26348e-10	0.00752907
3.2709e-10	0.00763776
3.27832e-10	0.0077467
3.28573e-10	0.00785589
3.29315e-10	0.00796529
3.30057e-10	0.00807489
3.30798e-10	0.00818467
3.3154e-10	0.00829461
3.32282e-10	0.00840469
3.33023e-10	0.00851489
3.33765e-10	0.0086252
3.34507e-10	0.00873558
3.35249e-10	0.00884602
3.3599e-10	0.0089565
3.36732e-10	0.00906699
3.37474e-10	0.00917747
3.38215e-10	0.00928793
3.38957e-10	0.00939833
3.39699e-10	0.00950865
3.4044e-10	0.00961888
3.41182e-10	0.00972898
3.41924e-10	0.00983894
3.42666e-10	0.00994872
3.43407e-10	0.0100583
3.44149e-10	0.0101677
3.44891e-10	0.0102768
3.45632e-10	0.0103856
3.46374e-10	0.0104942
3.47116e-10	0.0106024
3.47858e-10	0.0107103
3.48599e-10	0.0108177
3.49341e-10	0.0109248
3.50083e-10	0.0110314
3.50824e-10	0.0111376
3.51566e-10	0.0112433
3.52308e-10	0.0113485
3.53049e-10	0.0114531
3.53791e-10	0.0115571
3.54533e-10	0.0116605
3.55275e-10	0.0117633
3.56016e-10	0.0118654
3.56758e-10	0.0119669
3.575e-10	0.0120675
3.58241e-10	0.0121675
3.58983e-10	0.0122666
3.59725e-10	0.0123649
3.60466e-10	0.0124623
3.61208e-10	0.0125589
3.6195e-10	0.0126545
3.62692e-10	0.0127492
3.63433e-10	0.0128429
3.64175e-10	0.0129355
3.64917e-10	0.0130271
3.65658e-10	0.0131177
3.664e-10	0.013207
3.67142e-10	0.0132953
3.67883e-10	0.0133823
3.68625e-10	0.0134681
3.69367e-10	0.0135526
3.70109e-10	0.0136359
3.7085e-10	0.0137178
3.71592e-10	0.0137983
3.72334e-10	0.0138774
3.73075e-10	0.013955
3.73817e-10	0.0140312
3.74559e-10	0.0141059
3.753e-10	0.014179
3.76042e-10	0.0142505
3.76784e-10	0.0143203
3.77526e-10	0.0143885
3.78267e-10	0.014455
3.79009e-10	0.0145197
3.79751e-10	0.0145826
3.80492e-10	0.0146437
3.81234e-10	0.014703
3.81976e-10	0.0147603
3.82717e-10	0.0148157
3.83459e-10	0.0148691
3.84201e-10	0.0149205
3.84943e-10	0.0149698
3.85684e-10	0.015017
3.86426e-10	0.0150621
3.87168e-10	0.015105
3.87909e-10	0.0151456
3.88651e-10	0.015184
3.89393e-10	0.0152201
3.90134e-10	0.0152538
3.90876e-10	0.0152852
3.91618e-10	0.0153141
3.9236e-10	0.0153406
3.93101e-10	0.0153645
3.93843e-10	0.0153859
3.94585e-10	0.0154047
3.95326e-10	0.0154208
3.96068e-10	0.0154343
3.9681e-10	0.015445
3.97551e-10	0.015453
3.98293e-10	0.0154582
3.99035e-10	0.0154606
3.99777e-10	0.01546
4.00518e-10	0.0154566
4.0126e-10	0.0154501
4.02002e-10	0.0154407
4.02743e-10	0.0154282
4.03485e-10	0.0154126
4.04227e-10	0.0153939
4.04968e-10	0.015372
4.0571e-10	0.0153469
4.06452e-10	0.0153185
4.07194e-10	0.0152868
4.07935e-10	0.0152518
4.08677e-10	0.0152134
4.09419e-10	0.0151716
4.1016e-10	0.0151264
4.10902e-10	0.0150776
4.11644e-10	0.0150253
4.12385e-10	0.0149694
4.13127e-10	0.0149098
4.13869e-10	0.0148467
4.14611e-10	0.0147798
4.15352e-10	0.0147091
4.16094e-10	0.0146347
4.16836e-10	0.0145565
4.17577e-10	0.0144744
4.18319e-10	0.0143884
4.19061e-10	0.0142984
4.19802e-10	0.0142045
4.20544e-10	0.0141066
4.21286e-10	0.0140046
4.22028e-10	0.0138985
4.22769e-10	0.0137884
4.23511e-10	0.013674
4.24253e-10	0.0135555
4.24994e-10	0.0134327
4.25736e-10	0.0133056
4.26478e-10	0.0131743
4.27219e-10	0.0130386
4.27961e-10	0.0128985
4.28703e-10	0.012754
4.29445e-10	0.0126051
4.30186e-10	0.0124517
4.30928e-10	0.0122938
4.3167e-10	0.0121313
4.32411e-10	0.0119643
4.33153e-10	0.0117927
4.33895e-10	0.0116164
4.34636e-10	0.0114355
4.35378e-10	0.0112499
4.3612e-10	0.0110595
4.36862e-10	0.0108644
4.37603e-10	0.0106645
4.38345e-10	0.0104599
4.39087e-10	0.0102503
4.39828e-10	0.0100359
4.4057e-10	0.00981666
4.41312e-10	0.00959247
4.42053e-10	0.00936333
4.42795e-10	0.00912924
4.43537e-10	0.00889016
4.44279e-10	0.00864607
4.4502e-10	0.00839695
4.45762e-10	0.00814277
4.46504e-10	0.00788353
4.47245e-10	0.00761919
4.47987e-10	0.00734974
4.48729e-10	0.00707516
4.4947e-10	0.00679543
4.50212e-10	0.00651053
4.50954e-10	0.00622046
4.51696e-10	0.00592519
4.52437e-10	0.00562471
4.53179e-10	0.005319
4.53921e-10	0.00500806
4.54662e-10	0.00469187
4.55404e-10	0.00437042
4.56146e-10	0.0040437
4.56887e-10	0.0037117
4.57629e-10	0.00337441
4.58371e-10	0.00303183
4.59113e-10	0.00268395
4.59854e-10	0.00233076
4.60596e-10	0.00197226
4.61338e-10	0.00160844
4.62079e-10	0.00123931
4.62821e-10	0.000864856
4.63563e-10	0.000485084
4.64304e-10	9.99937e-05
4.65046e-10	-0.000290414
4.65788e-10	-0.000686138
4.6653e-10	-0.00108717
4.67271e-10	-0.00149351
4.68013e-10	-0.00190516
4.68755e-10	-0.00232209
4.69496e-10	-0.00274431
4.70238e-10	-0.00317181
4.7098e-10	-0.00360458
4.71721e-10	-0.0040426
4.72463e-10	-0.00448587
4.73205e-10	-0.00493436
4.73947e-10	-0.00538806
4.74688e-10	-0.00584697
4.7543e-10	-0.00631105
4.76172e-10	-0.0067803
4.76913e-10	-0.00725469
4.77655e-10	-0.0077342
4.78397e-10	-0.00821881
4.79138e-10	-0.00870849
4.7988e-10	-0.00920323
4.80622e-10	-0.00970299
4.81364e-10	-0.0102077
4.82105e-10	-0.0107175
4.82847e-10	-0.0112321
4.83589e-10	-0.0117517
4.8433e-10	-0.0122761
4.85072e-10	-0.0128054
4.85814e-10	-0.0133395
4.86555e-10	-0.0138784
4.87297e-10	-0.014422
4.88039e-10	-0.0149702
4.88781e-10	-0.0155232
4.89522e-10	-0.0160807
4.90264e-10	-0.0166428
4.91006e-10	-0.0172094
4.91747e-10	-0.0177805
4.92489e-10	-0.018356
4.93231e-10	-0.0189359
4.93972e-10	-0.0195201
4.94714e-10	-0.0201086
4.95456e-10	-0.0207013
4.96198e-10	-0.0212982
4.96939e-10	-0.0218991
4.97681e-10	-0.0225041
4.98423e-10	-0.0231132
4.99164e-10	-0.0237261
4.99906e-10	-0.0243429
5.00648e-10	-0.0249635
5.01389e-10	-0.0255878
5.02131e-10	-0.0262158
5.02873e-10	-0.0268474
5.03615e-10	-0.0274826
5.04356e-10	-0.0281211
5.05098e-10	-0.0287631
5.0584e-10	-0.0294084
5.06581e-10	-0.0300569
5.07323e-10	-0.0307086
5.08065e-10	-0.0313633
5.08806e-10	-0.0320211
5.09548e-10	-0.0326817
5.1029e-10	-0.0333452
5.11032e-10	-0.0340115
5.11773e-10	-0.0346804
5.12515e-10	-0.0353518
5.13257e-10	-0.0360258
5.13998e-10	-0.0367021
5.1474e-10	-0.0373807
5.15482e-10	-0.0380615
5.16224e-10	-0.0387444
5.16965e-10	-0.0394294
5.17707e-10	-0.0401162
5.18449e-10	-0.0408048
5.1919e-10	-0.0414952
5.19932e-10	-0.0421871
5.20674e-10	-0.0428806
5.21415e-10	-0.0435754
5.22157e-10	-0.0442715
5.22899e-10	-0.0449688
5.23641e-10	-0.0456671
5.24382e-10	-0.0463664
5.25124e-10	-0.0470665
5.25866e-10	-0.0477673
5.26607e-10	-0.0484687
5.27349e-10	-0.0491706
5.28091e-10	-0.0498728
5.28832e-10	-0.0505753
5.29574e-10	-0.0512779
5.30316e-10	-0.0519805
5.31058e-10	-0.0526829
5.31799e-10	-0.0533851
5.32541e-10	-0.0540869
5.33283e-10	-0.0547881
5.34024e-10	-0.0554887
5.34766e-10	-0.0561885
5.35508e-10	-0.0568874
5.36249e-10	-0.0575853
5.36991e-10	-0.0582819
5.37733e-10	-0.0589772
5.38475e-10	-0.059671
5.39216e-10	-0.0603631
5.39958e-10	-0.0610536
5.407e-10	-0.0617421
5.41441e-10	-0.0624286
5.42183e-10	-0.0631128
5.42925e-10	-0.0637947
5.43666e-10	-0.0644742
5.44408e-10	-0.065151
5.4515e-10	-0.0658249
5.45892e-10	-0.066496
5.46633e-10	-0.0671639
5.47375e-10	-0.0678286
5.48117e-10	-0.0684899
5.48858e-10	-0.0691476
5.496e-10	-0.0698015
5.50342e-10	-0.0704516
5.51083e-10	-0.0710976
5.51825e-10	-0.0717394
5.52567e-10	-0.0723769
5.53309e-10	-0.0730098
5.5405e-10	-0.073638
5.54792e-10	-0.0742613
5.55534e-10	-0.0748796
5.56275e-10	-0.0754927
5.57017e-10	-0.0761004
5.57759e-10	-0.0767026
5.585e-10	-0.0772991
5.59242e-10	-0.0778897
5.59984e-10	-0.0784742
5.60726e-10	-0.0790526
5.61467e-10	-0.0796245
5.62209e-10	-0.0801898
5.62951e-10	-0.0807485
5.63692e-10	-0.0813002
5.64434e-10	-0.0818447
5.65176e-10	-0.0823821
5.65917e-10	-0.0829119
5.66659e-10	-0.0834342
5.67401e-10	-0.0839486
5.68143e-10	-0.0844551
5.68884e-10	-0.0849534
5.69626e-10	-0.0854433
5.70368e-10	-0.0859247
5.71109e-10	-0.0863974
5.71851e-10	-0.0868613
5.72593e-10	-0.087316
5.73334e-10	-0.0877616
5.74076e-10	-0.0881976
5.74818e-10	-0.0886241
5.7556e-10	-0.0890408
5.76301e-10	-0.0894475
5.77043e-10	-0.0898441
5.77785e-10	-0.0902303
5.78526e-10	-0.090606
5.79268e-10	-0.090971
5.8001e-10	-0.0913251
5.80751e-10	-0.0916681
5.81493e-10	-0.0919999
5.82235e-10	-0.0923202
5.82977e-10	-0.092629
5.83718e-10	-0.0929259
5.8446e-10	-0.0932109
5.85202e-10	-0.0934837
5.85943e-10	-0.0937441
5.86685e-10	-0.093992
5.87427e-10	-0.0942273
5.88168e-10	-0.0944496
5.8891e-10	-0.0946589
5.89652e-10	-0.0948549
5.90394e-10	-0.0950375
5.91135e-10	-0.0952066
5.91877e-10	-0.0953618
5.92619e-10	-0.0955031
5.9336e-10	-0.0956303
5.94102e-10	-0.0957431
5.94844e-10	-0.0958415
5.95585e-10	-0.0959252
5.96327e-10	-0.0959942
5.97069e-10	-0.0960481
5.97811e-10	-0.0960868
5.98552e-10	-0.0961102
5.99294e-10	-0.0961181
6.00036e-10	-0.0961104
6.00777e-10	-0.0960868
6.01519e-10	-0.0960472
6.02261e-10	-0.0959914
6.03002e-10	-0.0959193
6.03744e-10	-0.0958307
6.04486e-10	-0.0957255
6.05228e-10	-0.0956034
6.05969e-10	-0.0954644
6.06711e-10	-0.0953082
6.07453e-10	-0.0951348
6.08194e-10	-0.0949439
6.08936e-10	-0.0947355
6.09678e-10	-0.0945093
6.10419e-10	-0.0942652
6.11161e-10	-0.0940031
6.11903e-10	-0.0937229
6.12645e-10	-0.0934243
6.13386e-10	-0.0931073
6.14128e-10	-0.0927716
6.1487e-10	-0.0924173
6.15611e-10	-0.092044
6.16353e-10	-0.0916518
6.17095e-10	-0.0912404
6.17836e-10	-0.0908098
6.18578e-10	-0.0903598
6.1932e-10	-0.0898903
6.20062e-10	-0.0894011
6.20803e-10	-0.0888922
6.21545e-10	-0.0883635
6.22287e-10	-0.0878147
6.23028e-10	-0.0872459
6.2377e-10	-0.0866568
6.24512e-10	-0.0860475
6.25253e-10	-0.0854177
6.25995e-10	-0.0847674
6.26737e-10	-0.0840965
6.27479e-10	-0.0834048
6.2822e-10	-0.0826924
6.28962e-10	-0.081959
6.29704e-10	-0.0812047
6.30445e-10	-0.0804293
6.31187e-10	-0.0796327
6.31929e-10	-0.078815
6.3267e-10	-0.0779758
6.33412e-10	-0.0771154
6.34154e-10	-0.0762334
6.34896e-10	-0.0753299
6.35637e-10	-0.0744049
6.36379e-10	-0.0734582
6.37121e-10	-0.0724898
6.37862e-10	-0.0714996
6.38604e-10	-0.0704877
6.39346e-10	-0.0694539
6.40087e-10	-0.0683982
6.40829e-10	-0.0673205
6.41571e-10	-0.0662209
6.42313e-10	-0.0650993
6.43054e-10	-0.0639556
6.43796e-10	-0.0627899
6.44538e-10	-0.0616021
6.45279e-10	-0.0603921
6.46021e-10	-0.0591601
6.46763e-10	-0.057906
6.47504e-10	-0.0566297
6.48246e-10	-0.0553312
6.48988e-10	-0.0540107
6.4973e-10	-0.052668
6.50471e-10	-0.0513032
6.51213e-10	-0.0499163
6.51955e-10	-0.0485073
6.52696e-10	-0.0470762
6.53438e-10	-0.045623
6.5418e-10	-0.0441479
6.54921e-10	-0.0426508
6.55663e-10	-0.0411317
6.56405e-10	-0.0395907
6.57147e-10	-0.0380279
6.57888e-10	-0.0364433
6.5863e-10	-0.0348369
6.59372e-10	-0.0332088
6.60113e-10	-0.0315591
6.60855e-10	-0.0298879
6.61597e-10	-0.0281951
6.62338e-10	-0.026481
6.6308e-10	-0.0247455
6.63822e-10	-0.0229888
6.64564e-10	-0.0212109
6.65305e-10	-0.019412
6.66047e-10	-0.0175921
6.66789e-10	-0.0157514
6.6753e-10	-0.0138899
6.68272e-10	-0.0120078
6.69014e-10	-0.0101052
6.69755e-10	-0.00818226
6.70497e-10	-0.00623902
6.71239e-10	-0.00427566
6.71981e-10	-0.0022923
6.72722e-10	-0.000289109
6.73464e-10	0.00173378
6.74206e-10	0.00377622
6.74947e-10	0.00583805
6.75689e-10	0.0079191
6.76431e-10	0.0100192
6.77172e-10	0.0121382
6.77914e-10	0.0142759
6.78656e-10	0.0164322
6.79398e-10	0.0186068
6.80139e-10	0.0207995
6.80881e-10	0.0230102
6.81623e-10	0.0252387
6.82364e-10	0.0274847
6.83106e-10	0.0297481
6.83848e-10	0.0320286
6.8459e-10	0.034326
6.85331e-10	0.0366401
6.86073e-10	0.0389706
6.86815e-10	0.0413174
6.87556e-10	0.0436801
6.88298e-10	0.0460586
6.8904e-10	0.0484525
6.89781e-10	0.0508617
6.90523e-10	0.0532859
6.91265e-10	0.0557247
6.92007e-10	0.058178
6.92748e-10	0.0606455
6.9349e-10	0.0631268
6.94232e-10	0.0656218
6.94973e-10	0.06813
6.95715e-10	0.0706513
6.96457e-10	0.0731853
6.97198e-10	0.0757317
6.9794e-10	0.0782902
6.98682e-10	0.0808605
6.99424e-10	0.0834423
7.00165e-10	0.0860353
7.00907e-10	0.0886391
7.01649e-10	0.0912533
7.0239e-10	0.0938778
7.03132e-10	0.096512
7.03874e-10	0.0991558
7.04615e-10	0.101809
7.05357e-10	0.10447
7.06099e-10	0.10714
7.06841e-10	0.109818
7.07582e-10	0.112504
7.08324e-10	0.115197
7.09066e-10	0.117897
7.09807e-10	0.120604
7.10549e-10	0.123317
7.11291e-10	0.126035
7.12032e-10	0.128759
7.12774e-10	0.131488
7.13516e-10	0.134221
7.14258e-10	0.136959
7.14999e-10	0.1397
7.15741e-10	0.142445
7.16483e-10	0.145193
7.17224e-10	0.147943
7.17966e-10	0.150695
7.18708e-10	0.153449
7.19449e-10	0.156204
7.20191e-10	0.15896
7.20933e-10	0.161716
7.21675e-10	0.164473
7.22416e-10	0.167228
7.23158e-10	0.169983
7.239e-10	0.172736
7.24641e-10	0.175487
7.25383e-10	0.178236
7.26125e-10	0.180982
7.26866e-10	0.183724
7.27608e-10	0.186463
7.2835e-10	0.189198
7.29092e-10	0.191927
7.29833e-10	0.194652
7.30575e-10	0.197371
7.31317e-10	0.200083
7.32058e-10	0.202789
7.328e-10	0.205488
7.33542e-10	0.208179
7.34283e-10	0.210862
7.35025e-10	0.213536
7.35767e-10	0.216201
7.36509e-10	0.218856
7.3725e-10	0.221501
7.37992e-10	0.224136
7.38734e-10	0.226759
7.39475e-10	0.22937
7.40217e-10	0.231969
7.40959e-10	0.234555
7.417e-10	0.237128
7.42442e-10	0.239687
7.43184e-10	0.242232
7.43926e-10	0.244762
7.44667e-10	0.247277
7.45409e-10	0.249775
7.46151e-10	0.252257
7.46892e-10	0.254722
7.47634e-10	0.25717
7.48376e-10	0.259599
7.49117e-10	0.26201
7.49859e-10	0.264402
7.50601e-10	0.266774
7.51343e-10	0.269126
7.52084e-10	0.271457
7.52826e-10	0.273767
7.53568e-10	0.276055
7.54309e-10	0.27832
7.55051e-10	0.280563
7.55793e-10	0.282782
7.56534e-10	0.284978
7.57276e-10	0.287149
7.58018e-10	0.289294
7.5876e-10	0.291414
7.59501e-10	0.293508
7.60243e-10	0.295576
7.60985e-10	0.297616
7.61726e-10	0.299628
7.62468e-10	0.301612
7.6321e-10	0.303567
7.63951e-10	0.305493
7.64693e-10	0.307389
7.65435e-10	0.309254
7.66177e-10	0.311089
7.66918e-10	0.312891
7.6766e-10	0.314662
7.68402e-10	0.316401
7.69143e-10	0.318106
7.69885e-10	0.319778
7.70627e-10	0.321415
7.71368e-10	0.323018
7.7211e-10	0.324586
7.72852e-10	0.326118
7.73594e-10	0.327614
7.74335e-10	0.329073
7.75077e-10	0.330495
7.75819e-10	0.33188
7.7656e-10	0.333226
7.77302e-10	0.334533
7.78044e-10	0.335801
7.78785e-10	0.337029
7.79527e-10	0.338218
7.80269e-10	0.339365
7.81011e-10	0.340472
7.81752e-10	0.341536
7.82494e-10	0.342559
7.83236e-10	0.343539
7.83977e-10	0.344476
7.84719e-10	0.345369
7.85461e-10	0.346218
7.86202e-10	0.347023
7.86944e-10	0.347783
7.87686e-10	0.348498
7.88428e-10	0.349167
7.89169e-10	0.349789
7.89911e-10	0.350365
7.90653e-10	0.350894
7.91394e-10	0.351376
7.92136e-10	0.351809
7.92878e-10	0.352194
7.93619e-10	0.35253
7.94361e-10	0.352817
7.95103e-10	0.353055
7.95845e-10	0.353242
7.96586e-10	0.35338
7.97328e-10	0.353466
7.9807e-10	0.353502
7.98811e-10	0.353486
7.99553e-10	0.353418
8.00295e-10	0.353298
8.01036e-10	0.353125
8.01778e-10	0.3529
8.0252e-10	0.352621
8.03262e-10	0.352289
8.04003e-10	0.351903
8.04745e-10	0.351463
8.05487e-10	0.350968
8.06228e-10	0.350419
8.0697e-10	0.349814
8.07712e-10	0.349154
8.08453e-10	0.348439
8.09195e-10	0.347667
8.09937e-10	0.346839
8.10679e-10	0.345955
8.1142e-10	0.345015
8.12162e-10	0.344017
8.12904e-10	0.342962
8.13645e-10	0.34185
8.14387e-10	0.34068
8.15129e-10	0.339452
8.1587e-10	0.338167
8.16612e-10	0.336823
8.17354e-10	0.335421
8.18096e-10	0.33396
8.18837e-10	0.33244
8.19579e-10	0.330862
8.20321e-10	0.329225
8.21062e-10	0.327528
8.21804e-10	0.325772
8.22546e-10	0.323957
8.23287e-10	0.322082
8.24029e-10	0.320148
8.24771e-10	0.318154
8.25513e-10	0.3161
8.26254e-10	0.313986
8.26996e-10	0.311812
8.27738e-10	0.309578
8.28479e-10	0.307284
8.29221e-10	0.304931
8.29963e-10	0.302517
8.30704e-10	0.300043
8.31446e-10	0.297508
8.32188e-10	0.294914
8.3293e-10	0.29226
8.33671e-10	0.289545
8.34413e-10	0.286771
8.35155e-10	0.283936
8.35896e-10	0.281042
8.36638e-10	0.278087
8.3738e-10	0.275073
8.38121e-10	0.271999
8.38863e-10	0.268866
8.39605e-10	0.265673
8.40347e-10	0.26242
8.41088e-10	0.259109
8.4183e-10	0.255738
8.42572e-10	0.252308
8.43313e-10	0.24882
8.44055e-10	0.245273
8.44797e-10	0.241667
8.45538e-10	0.238003
8.4628e-10	0.234281
8.47022e-10	0.230502
8.47764e-10	0.226664
8.48505e-10	0.222769
8.49247e-10	0.218818
8.49989e-10	0.214809
8.5073e-10	0.210744
8.51472e-10	0.206622
8.52214e-10	0.202444
8.52956e-10	0.198211
8.53697e-10	0.193922
8.54439e-10	0.189579
8.55181e-10	0.18518
8.55922e-10	0.180727
8.56664e-10	0.17622
8.57406e-10	0.17166
8.58147e-10	0.167046
8.58889e-10	0.162379
8.59631e-10	0.15766
8.60373e-10	0.152888
8.61114e-10	0.148066
8.61856e-10	0.143191
8.62598e-10	0.138266
8.63339e-10	0.133291
8.64081e-10	0.128266
8.64823e-10	0.123192
8.65564e-10	0.118069
8.66306e-10	0.112897
8.67048e-10	0.107678
8.6779e-10	0.102411
8.68531e-10	0.0970972
8.69273e-10	0.0917374
8.70015e-10	0.086332
8.70756e-10	0.0808814
8.71498e-10	0.0753863
8.7224e-10	0.0698472
8.72981e-10	0.0642648
8.73723e-10	0.0586397
8.74465e-10	0.0529724
8.75207e-10	0.0472636
8.75948e-10	0.041514
8.7669e-10	0.0357242
8.77432e-10	0.0298948
8.78173e-10	0.0240265
8.78915e-10	0.0181201
8.79657e-10	0.0121762
8.80398e-10	0.00619547
8.8114e-10	0.000178658
8.81882e-10	-0.00587352
8.82624e-10	-0.0119603
8.83365e-10	-0.018081
8.84107e-10	-0.0242349
8.84849e-10	-0.0304212
8.8559e-10	-0.036639
8.86332e-10	-0.0428877
8.87074e-10	-0.0491665
8.87815e-10	-0.0554745
8.88557e-10	-0.061811
8.89299e-10	-0.0681751
8.90041e-10	-0.0745661
8.90782e-10	-0.080983
8.91524e-10	-0.0874251
8.92266e-10	-0.0938915
8.93007e-10	-0.100381
8.93749e-10	-0.106894
8.94491e-10	-0.113428
8.95232e-10	-0.119983
8.95974e-10	-0.126558
8.96716e-10	-0.133152
8.97458e-10	-0.139764
8.98199e-10	-0.146393
8.98941e-10	-0.153038
8.99683e-10	-0.159699
9.00424e-10	-0.166375
9.01166e-10	-0.173063
9.01908e-10	-0.179765
9.02649e-10	-0.186478
9.03391e-10	-0.193201
9.04133e-10	-0.199935
9.04875e-10	-0.206677
9.05616e-10	-0.213426
9.06358e-10	-0.220183
9.071e-10	-0.226945
9.07841e-10	-0.233712
9.08583e-10	-0.240482
9.09325e-10	-0.247256
9.10066e-10	-0.25403
9.10808e-10	-0.260806
9.1155e-10	-0.267581
9.12292e-10	-0.274355
9.13033e-10	-0.281127
9.13775e-10	-0.287895
9.14517e-10	-0.294658
9.15258e-10	-0.301416
9.16e-10	-0.308167
9.16742e-10	-0.314911
9.17483e-10	-0.321646
9.18225e-10	-0.328371
9.18967e-10	-0.335085
9.19709e-10	-0.341788
9.2045e-10	-0.348477
9.21192e-10	-0.355152
9.21934e-10	-0.361812
9.22675e-10	-0.368456
9.23417e-10	-0.375083
9.24159e-10	-0.381691
9.249e-10	-0.388279
9.25642e-10	-0.394847
9.26384e-10	-0.401394
9.27126e-10	-0.407917
9.27867e-10	-0.414417
9.28609e-10	-0.420891
9.29351e-10	-0.42734
9.30092e-10	-0.433761
9.30834e-10	-0.440154
9.31576e-10	-0.446518
9.32317e-10	-0.452851
9.33059e-10	-0.459153
9.33801e-10	-0.465422
9.34543e-10	-0.471657
9.35284e-10	-0.477858
9.36026e-10	-0.484022
9.36768e-10	-0.49015
9.37509e-10	-0.496239
9.38251e-10	-0.502289
9.38993e-10	-0.508298
9.39734e-10	-0.514267
9.40476e-10	-0.520192
9.41218e-10	-0.526074
9.4196e-10	-0.531912
9.42701e-10	-0.537703
9.43443e-10	-0.543448
9.44185e-10	-0.549145
9.44926e-10	-0.554793
9.45668e-10	-0.560391
9.4641e-10	-0.565937
9.47151e-10	-0.571432
9.47893e-10	-0.576873
9.48635e-10	-0.58226
9.49377e-10	-0.587592
9.50118e-10	-0.592867
9.5086e-10	-0.598085
9.51602e-10	-0.603244
9.52343e-10	-0.608344
9.53085e-10	-0.613383
9.53827e-10	-0.618361
9.54568e-10	-0.623276
9.5531e-10	-0.628128
9.56052e-10	-0.632915
9.56794e-10	-0.637637
9.57535e-10	-0.642292
9.58277e-10	-0.64688
9.59019e-10	-0.651399
9.5976e-10	-0.655849
9.60502e-10	-0.660228
9.61244e-10	-0.664536
9.61985e-10	-0.668771
9.62727e-10	-0.672934
9.63469e-10	-0.677022
9.64211e-10	-0.681035
9.64952e-10	-0.684973
9.65694e-10	-0.688833
9.66436e-10	-0.692615
9.67177e-10	-0.696319
9.67919e-10	-0.699944
9.68661e-10	-0.703488
9.69402e-10	-0.70695
9.70144e-10	-0.710331
9.70886e-10	-0.713629
9.71628e-10	-0.716843
9.72369e-10	-0.719972
9.73111e-10	-0.723016
9.73853e-10	-0.725974
9.74594e-10	-0.728845
9.75336e-10	-0.731628
9.76078e-10	-0.734323
9.76819e-10	-0.736929
9.77561e-10	-0.739445
9.78303e-10	-0.74187
9.79045e-10	-0.744203
9.79786e-10	-0.746445
9.80528e-10	-0.748594
9.8127e-10	-0.750649
9.82011e-10	-0.75261
9.82753e-10	-0.754477
9.83495e-10	-0.756248
9.84236e-10	-0.757923
9.84978e-10	-0.759501
9.8572e-10	-0.760983
9.86462e-10	-0.762366
9.87203e-10	-0.763651
9.87945e-10	-0.764838
9.88687e-10	-0.765924
9.89428e-10	-0.766911
9.9017e-10	-0.767798
9.90912e-10	-0.768583
9.91653e-10	-0.769267
9.92395e-10	-0.769849
9.93137e-10	-0.770328
9.93879e-10	-0.770705
9.9462e-10	-0.770979
9.95362e-10	-0.771148
9.96104e-10	-0.771214
9.96845e-10	-0.771175
9.97587e-10	-0.771032
9.98329e-10	-0.770783
9.9907e-10	-0.770429
9.99812e-10	-0.76997
1.00055e-09	-0.769404
1.0013e-09	-0.768731
1.00204e-09	-0.767953
1.00278e-09	-0.767067
1.00352e-09	-0.766074
1.00426e-09	-0.764974
1.005e-09	-0.763766
1.00575e-09	-0.762451
1.00649e-09	-0.761028
1.00723e-09	-0.759497
1.00797e-09	-0.757857
1.00871e-09	-0.75611
1.00945e-09	-0.754254
1.0102e-09	-0.752289
1.01094e-09	-0.750216
1.01168e-09	-0.748035
1.01242e-09	-0.745745
1.01316e-09	-0.743346
1.0139e-09	-0.740839
1.01465e-09	-0.738223
1.01539e-09	-0.735499
1.01613e-09	-0.732666
1.01687e-09	-0.729725
1.01761e-09	-0.726676
1.01835e-09	-0.723518
1.0191e-09	-0.720253
1.01984e-09	-0.716879
1.02058e-09	-0.713398
1.02132e-09	-0.709809
1.02206e-09	-0.706113
1.0228e-09	-0.70231
1.02355e-09	-0.6984
1.02429e-09	-0.694384
1.02503e-09	-0.69026
1.02577e-09	-0.686031
1.02651e-09	-0.681697
1.02726e-09	-0.677256
1.028e-09	-0.672711
1.02874e-09	-0.668061
1.02948e-09	-0.663306
1.03022e-09	-0.658448
1.03096e-09	-0.653486
1.03171e-09	-0.648421
1.03245e-09	-0.643253
1.03319e-09	-0.637984
1.03393e-09	-0.632612
1.03467e-09	-0.627139
1.03541e-09	-0.621566
1.03616e-09	-0.615893
1.0369e-09	-0.61012
1.03764e-09	-0.604248
1.03838e-09	-0.598277
1.03912e-09	-0.592209
1.03986e-09	-0.586044
1.04061e-09	-0.579782
1.04135e-09	-0.573424
1.04209e-09	-0.566972
1.04283e-09	-0.560424
1.04357e-09	-0.553783
1.04431e-09	-0.547049
1.04506e-09	-0.540223
1.0458e-09	-0.533305
1.04654e-09	-0.526296
1.04728e-09	-0.519198
1.04802e-09	-0.51201
1.04876e-09	-0.504734
1.04951e-09	-0.497371
1.05025e-09	-0.48992
1.05099e-09	-0.482385
1.05173e-09	-0.474764
1.05247e-09	-0.46706
1.05321e-09	-0.459272
1.05396e-09	-0.451403
1.0547e-09	-0.443452
1.05544e-09	-0.435421
1.05618e-09	-0.427312
1.05692e-09	-0.419124
1.05766e-09	-0.410859
1.05841e-09	-0.402517
1.05915e-09	-0.394101
1.05989e-09	-0.385611
1.06063e-09	-0.377048
1.06137e-09	-0.368413
1.06212e-09	-0.359708
1.06286e-09	-0.350932
1.0636e-09	-0.342089
1.06434e-09	-0.333178
1.06508e-09	-0.324201
1.06582e-09	-0.315159
1.06657e-09	-0.306053
1.06731e-09	-0.296884
1.06805e-09	-0.287654
1.06879e-09	-0.278364
1.06953e-09	-0.269015
1.07027e-09	-0.259609
1.07102e-09	-0.250145
1.07176e-09	-0.240627
1.0725e-09	-0.231055
1.07324e-09	-0.22143
1.07398e-09	-0.211754
1.07472e-09	-0.202028
1.07547e-09	-0.192253
1.07621e-09	-0.182431
1.07695e-09	-0.172563
1.07769e-09	-0.16265
1.07843e-09	-0.152694
1.07917e-09	-0.142696
1.07992e-09	-0.132658
1.08066e-09	-0.12258
1.0814e-09	-0.112465
1.08214e-09	-0.102314
1.08288e-09	-0.0921275
1.08362e-09	-0.0819077
1.08437e-09	-0.071656
1.08511e-09	-0.0613736
1.08585e-09	-0.0510622
1.08659e-09	-0.040723
1.08733e-09	-0.0303577
1.08807e-09	-0.0199677
1.08882e-09	-0.00955444
1.08956e-09	0.000880573
1.0903e-09	0.0113358
1.09104e-09	0.0218099
1.09178e-09	0.0323012
1.09252e-09	0.0428082
1.09327e-09	0.0533295
1.09401e-09	0.0638635
1.09475e-09	0.0744087
1.09549e-09	0.0849636
1.09623e-09	0.0955266
1.09697e-09	0.106096
1.09772e-09	0.116671
1.09846e-09	0.127249
1.0992e-09	0.137829
1.09994e-09	0.14841
1.10068e-09	0.158989
1.10143e-09	0.169566
1.10217e-09	0.180138
1.10291e-09	0.190705
1.10365e-09	0.201265
1.10439e-09	0.211815
1.10513e-09	0.222355
1.10588e-09	0.232883
1.10662e-09	0.243397
1.10736e-09	0.253896
1.1081e-09	0.264379
1.10884e-09	0.274843
1.10958e-09	0.285287
1.11033e-09	0.29571
1.11107e-09	0.30611
1.11181e-09	0.316486
1.11255e-09	0.326835
1.11329e-09	0.337157
1.11403e-09	0.347449
1.11478e-09	0.357711
1.11552e-09	0.36794
1.11626e-09	0.378136
1.117e-09	0.388296
1.11774e-09	0.39842
1.11848e-09	0.408505
1.11923e-09	0.41855
1.11997e-09	0.428553
1.12071e-09	0.438514
1.12145e-09	0.44843
1.12219e-09	0.4583
1.12293e-09	0.468122
1.12368e-09	0.477896
1.12442e-09	0.487619
1.12516e-09	0.497289
1.1259e-09	0.506907
1.12664e-09	0.516469
1.12738e-09	0.525975
1.12813e-09	0.535423
1.12887e-09	0.544812
1.12961e-09	0.55414
1.13035e-09	0.563406
1.13109e-09	0.572608
1.13183e-09	0.581745
1.13258e-09	0.590816
1.13332e-09	0.599819
1.13406e-09	0.608752
1.1348e-09	0.617615
1.13554e-09	0.626406
1.13629e-09	0.635123
1.13703e-09	0.643766
1.13777e-09	0.652333
1.13851e-09	0.660822
1.13925e-09	0.669233
1.13999e-09	0.677564
1.14074e-09	0.685813
1.14148e-09	0.69398
1.14222e-09	0.702063
1.14296e-09	0.710061
1.1437e-09	0.717972
1.14444e-09	0.725796
1.14519e-09	0.733531
1.14593e-09	0.741176
1.14667e-09	0.74873
1.14741e-09	0.756191
1.14815e-09	0.763559
1.14889e-09	0.770832
1.14964e-09	0.778009
1.15038e-09	0.78509
1.15112e-09	0.792072
1.15186e-09	0.798955
1.1526e-09	0.805738
1.15334e-09	0.812419
1.15409e-09	0.818998
1.15483e-09	0.825474
1.15557e-09	0.831845
1.15631e-09	0.838111
1.15705e-09	0.84427
1.15779e-09	0.850322
1.15854e-09	0.856266
1.15928e-09	0.8621
1.16002e-09	0.867824
1.16076e-09	0.873437
1.1615e-09	0.878938
1.16224e-09	0.884326
1.16299e-09	0.889601
1.16373e-09	0.894761
1.16447e-09	0.899805
1.16521e-09	0.904734
1.16595e-09	0.909545
1.16669e-09	0.914239
1.16744e-09	0.918814
1.16818e-09	0.92327
1.16892e-09	0.927607
1.16966e-09	0.931823
1.1704e-09	0.935917
1.17114e-09	0.93989
1.17189e-09	0.94374
1.17263e-09	0.947467
1.17337e-09	0.951071
1.17411e-09	0.95455
1.17485e-09	0.957904
1.1756e-09	0.961133
1.17634e-09	0.964236
1.17708e-09	0.967213
1.17782e-09	0.970063
1.17856e-09	0.972785
1.1793e-09	0.97538
1.18005e-09	0.977847
1.18079e-09	0.980185
1.18153e-09	0.982395
1.18227e-09	0.984475
1.18301e-09	0.986425
1.18375e-09	0.988246
1.1845e-09	0.989936
1.18524e-09	0.991496
1.18598e-09	0.992926
1.18672e-09	0.994224
1.18746e-09	0.995391
1.1882e-09	0.996427
1.18895e-09	0.997332
1.18969e-09	0.998105
1.19043e-09	0.998746
1.19117e-09	0.999255
1.19191e-09	0.999633
1.19265e-09	0.999878
1.1934e-09	0.999991
1.19414e-09	0.999973
1.19488e-09	0.999822
1.19562e-09	0.999539
1.19636e-09	0.999125
1.1971e-09	0.998578
1.19785e-09	0.9979
1.19859e-09	0.99709
1.19933e-09	0.996148
1.20007e-09	0.995075
1.20081e-09	0.99387
1.20155e-09	0.992535
1.2023e-09	0.991069
1.20304e-09	0.989472
1.20378e-09	0.987745
1.20452e-09	0.985887
1.20526e-09	0.9839
1.206e-09	0.981783
1.20675e-09	0.979538
1.20749e-09	0.977163
1.20823e-09	0.97466
1.20897e-09	0.972029
1.20971e-09	0.96927
1.21046e-09	0.966385
1.2112e-09	0.963372
1.21194e-09	0.960233
1.21268e-09	0.956969
1.21342e-09	0.953579
1.21416e-09	0.950065
1.21491e-09	0.946427
1.21565e-09	0.942665
1.21639e-09	0.93878
1.21713e-09	0.934773
1.21787e-09	0.930644
1.21861e-09	0.926394
1.21936e-09	0.922024
1.2201e-09	0.917534
1.22084e-09	0.912925
1.22158e-09	0.908198
1.22232e-09	0.903353
1.22306e-09	0.898392
1.22381e-09	0.893314
1.22455e-09	0.888122
1.22529e-09	0.882815
1.22603e-09	0.877395
1.22677e-09	0.871862
1.22751e-09	0.866218
1.22826e-09	0.860463
1.229e-09	0.854597
1.22974e-09	0.848623
1.23048e-09	0.842541
1.23122e-09	0.836351
1.23196e-09	0.830056
1.23271e-09	0.823655
1.23345e-09	0.81715
1.23419e-09	0.810542
1.23493e-09	0.803832
1.23567e-09	0.79702
1.23641e-09	0.790109
1.23716e-09	0.783099
1.2379e-09	0.775991
1.23864e-09	0.768787
1.23938e-09	0.761487
1.24012e-09	0.754093
1.24086e-09	0.746605
1.24161e-09	0.739025
1.24235e-09	0.731355
1.24309e-09	0.723594
1.24383e-09	0.715746
1.24457e-09	0.70781
1.24532e-09	0.699788
1.24606e-09	0.691681
1.2468e-09	0.683491
1.24754e-09	0.675218
1.24828e-09	0.666865
1.24902e-09	0.658432
1.24977e-09	0.64992
1.25051e-09	0.641332
1.25125e-09	0.632668
1.25199e-09	0.62393
1.25273e-09	0.615118
1.25347e-09	0.606235
1.25422e-09	0.597282
1.25496e-09	0.58826
1.2557e-09	0.57917
1.25644e-09	0.570015
1.25718e-09	0.560794
1.25792e-09	0.551511
1.25867e-09	0.542166
1.25941e-09	0.53276
1.26015e-09	0.523295
1.26089e-09	0.513773
1.26163e-09	0.504195
1.26237e-09	0.494562
1.26312e-09	0.484877
1.26386e-09	0.475139
1.2646e-09	0.465352
1.26534e-09	0.455516
1.26608e-09	0.445633
1.26682e-09	0.435704
1.26757e-09	0.425731
1.26831e-09	0.415716
1.26905e-09	0.405659
1.26979e-09	0.395563
1.27053e-09	0.385429
1.27127e-09	0.375259
1.27202e-09	0.365054
1.27276e-09	0.354815
1.2735e-09	0.344544
1.27424e-09	0.334243
1.27498e-09	0.323914
1.27572e-09	0.313557
1.27647e-09	0.303174
1.27721e-09	0.292768
1.27795e-09	0.282339
1.27869e-09	0.271888
1.27943e-09	0.261419
1.28017e-09	0.250932
1.28092e-09	0.240428
1.28166e-09	0.22991
1.2824e-09	0.219378
1.28314e-09	0.208835
1.28388e-09	0.198282
1.28463e-09	0.18772
1.28537e-09	0.177152
1.28611e-09	0.166578
1.28685e-09	0.156
1.28759e-09	0.14542
1.28833e-09	0.13484
1.28908e-09	0.12426
1.28982e-09	0.113683
1.29056e-09	0.103109
1.2913e-09	0.0925415
1.29204e-09	0.0819806
1.29278e-09	0.0714283
1.29353e-09	0.0608861
1.29427e-09	0.0503556
1.29501e-09	0.0398382
1.29575e-09	0.0293354
1.29649e-09	0.0188488
1.29723e-09	0.00837994
1.29798e-09	-0.00206976
1.29872e-09	-0.0124988
1.29946e-09	-0.0229056
1.3002e-09	-0.0332888
1.30094e-09	-0.0436469
1.30168e-09	-0.0539783
1.30243e-09	-0.0642817
1.30317e-09	-0.0745556
1.30391e-09	-0.0847985
1.30465e-09	-0.0950089
1.30539e-09	-0.105186
1.30613e-09	-0.115327
1.30688e-09	-0.125432
1.30762e-09	-0.135498
1.30836e-09	-0.145525
1.3091e-09	-0.155511
1.30984e-09	-0.165455
1.31058e-09	-0.175355
1.31133e-09	-0.185211
1.31207e-09	-0.195019
1.31281e-09	-0.204781
1.31355e-09	-0.214493
1.31429e-09	-0.224155
1.31503e-09	-0.233765
1.31578e-09	-0.243322
1.31652e-09	-0.252825
1.31726e-09	-0.262272
1.318e-09	-0.271663
1.31874e-09	-0.280995
1.31949e-09	-0.290268
1.32023e-09	-0.299481
1.32097e-09	-0.308632
1.32171e-09	-0.31772
1.32245e-09	-0.326744
1.32319e-09	-0.335702
1.32394e-09	-0.344594
1.32468e-09	-0.353419
1.32542e-09	-0.362174
1.32616e-09	-0.37086
1.3269e-09	-0.379475
1.32764e-09	-0.388017
1.32839e-09	-0.396487
1.32913e-09	-0.404882
1.32987e-09	-0.413201
1.33061e-09	-0.421445
1.33135e-09	-0.429611
1.33209e-09	-0.437698
1.33284e-09	-0.445707
1.33358e-09	-0.453634
1.33432e-09	-0.461481
1.33506e-09	-0.469245
1.3358e-09	-0.476926
1.33654e-09	-0.484522
1.33729e-09	-0.492034
1.33803e-09	-0.49946
1.33877e-09	-0.506799
1.33951e-09	-0.51405
1.34025e-09	-0.521212
1.34099e-09	-0.528286
1.34174e-09	-0.535269
1.34248e-09	-0.542161
1.34322e-09	-0.548961
1.34396e-09	-0.555669
1.3447e-09	-0.562284
1.34544e-09	-0.568804
1.34619e-09	-0.57523
1.34693e-09	-0.581561
1.34767e-09	-0.587796
1.34841e-09	-0.593934
1.34915e-09	-0.599974
1.34989e-09	-0.605917
1.35064e-09	-0.611761
1.35138e-09	-0.617506
1.35212e-09	-0.623151
1.35286e-09	-0.628696
1.3536e-09	-0.63414
1.35434e-09	-0.639483
1.35509e-09	-0.644724
1.35583e-09	-0.649863
1.35657e-09	-0.654898
1.35731e-09	-0.659831
1.35805e-09	-0.66466
1.3588e-09	-0.669385
1.35954e-09	-0.674006
1.36028e-09	-0.678521
1.36102e-09	-0.682932
1.36176e-09	-0.687237
1.3625e-09	-0.691436
1.36325e-09	-0.695529
1.36399e-09	-0.699516
1.36473e-09	-0.703396
1.36547e-09	-0.707169
1.36621e-09	-0.710834
1.36695e-09	-0.714393
1.3677e-09	-0.717843
1.36844e-09	-0.721186
1.36918e-09	-0.724421
1.36992e-09	-0.727548
1.37066e-09	-0.730567
1.3714e-09	-0.733478
1.37215e-09	-0.73628
1.37289e-09	-0.738973
1.37363e-09	-0.741558
1.37437e-09	-0.744035
1.37511e-09	-0.746403
1.37585e-09	-0.748662
1.3766e-09	-0.750813
1.37734e-09	-0.752855
1.37808e-09	-0.754789
1.37882e-09	-0.756614
1.37956e-09	-0.758331
1.3803e-09	-0.75994
1.38105e-09	-0.761441
1.38179e-09	-0.762833
1.38253e-09	-0.764118
1.38327e-09	-0.765296
1.38401e-09	-0.766365
1.38475e-09	-0.767328
1.3855e-09	-0.768183
1.38624e-09	-0.768932
1.38698e-09	-0.769574
1.38772e-09	-0.77011
1.38846e-09	-0.77054
1.3892e-09	-0.770864
1.38995e-09	-0.771083
1.39069e-09	-0.771197
1.39143e-09	-0.771206
1.39217e-09	-0.771111
1.39291e-09	-0.770912
1.39366e-09	-0.770609
1.3944e-09	-0.770203
1.39514e-09	-0.769695
1.39588e-09	-0.769084
1.39662e-09	-0.768371
1.39736e-09	-0.767557
1.39811e-09	-0.766643
1.39885e-09	-0.765628
1.39959e-09	-0.764513
1.40033e-09	-0.763298
1.40107e-09	-0.761985
1.40181e-09	-0.760574
1.40256e-09	-0.759065
1.4033e-09	-0.757459
1.40404e-09	-0.755757
1.40478e-09	-0.753959
1.40552e-09	-0.752066
1.40626e-09	-0.750078
1.40701e-09	-0.747996
1.40775e-09	-0.745821
1.40849e-09	-0.743553
1.40923e-09	-0.741194
1.40997e-09	-0.738743
1.41071e-09	-0.736202
1.41146e-09	-0.733571
1.4122e-09	-0.730851
1.41294e-09	-0.728043
1.41368e-09	-0.725147
1.41442e-09	-0.722165
1.41516e-09	-0.719097
1.41591e-09	-0.715943
1.41665e-09	-0.712706
1.41739e-09	-0.709384
1.41813e-09	-0.70598
1.41887e-09	-0.702495
1.41961e-09	-0.698928
1.42036e-09	-0.695281
1.4211e-09	-0.691555
1.42184e-09	-0.68775
1.42258e-09	-0.683868
1.42332e-09	-0.679909
1.42406e-09	-0.675875
1.42481e-09	-0.671765
1.42555e-09	-0.667582
1.42629e-09	-0.663326
1.42703e-09	-0.658998
1.42777e-09	-0.654598
1.42852e-09	-0.650129
1.42926e-09	-0.64559
1.43e-09	-0.640984
1.43074e-09	-0.63631
1.43148e-09	-0.631569
1.43222e-09	-0.626764
1.43297e-09	-0.621894
1.43371e-09	-0.616961
1.43445e-09	-0.611966
1.43519e-09	-0.606909
1.43593e-09	-0.601792
1.43667e-09	-0.596616
1.43742e-09	-0.591382
1.43816e-09	-0.586091
1.4389e-09	-0.580744
1.43964e-09	-0.575341
1.44038e-09	-0.569885
1.44112e-09	-0.564376
1.44187e-09	-0.558814
1.44261e-09	-0.553202
1.44335e-09	-0.54754
1.44409e-09	-0.54183
1.44483e-09	-0.536072
1.44557e-09	-0.530267
1.44632e-09	-0.524417
1.44706e-09	-0.518523
1.4478e-09	-0.512585
1.44854e-09	-0.506605
1.44928e-09	-0.500584
1.45002e-09	-0.494522
1.45077e-09	-0.488422
1.45151e-09	-0.482284
1.45225e-09	-0.47611
1.45299e-09	-0.469899
1.45373e-09	-0.463654
1.45447e-09	-0.457376
1.45522e-09	-0.451065
1.45596e-09	-0.444723
1.4567e-09	-0.438351
1.45744e-09	-0.43195
1.45818e-09	-0.425521
1.45892e-09	-0.419065
1.45967e-09	-0.412583
1.46041e-09	-0.406076
1.46115e-09	-0.399546
1.46189e-09	-0.392994
1.46263e-09	-0.38642
1.46337e-09	-0.379826
1.46412e-09	-0.373212
1.46486e-09	-0.366581
1.4656e-09	-0.359932
1.46634e-09	-0.353268
1.46708e-09	-0.346589
1.46783e-09	-0.339895
1.46857e-09	-0.33319
1.46931e-09	-0.326472
1.47005e-09	-0.319744
1.47079e-09	-0.313007
1.47153e-09	-0.306261
1.47228e-09	-0.299507
1.47302e-09	-0.292748
1.47376e-09	-0.285983
1.4745e-09	-0.279214
1.47524e-09	-0.272442
1.47598e-09	-0.265667
1.47673e-09	-0.258892
1.47747e-09	-0.252116
1.47821e-09	-0.245342
1.47895e-09	-0.238569
1.47969e-09	-0.231799
1.48043e-09	-0.225034
1.48118e-09	-0.218273
1.48192e-09	-0.211519
1.48266e-09	-0.204771
1.4834e-09	-0.198031
1.48414e-09	-0.191301
1.48488e-09	-0.18458
1.48563e-09	-0.17787
1.48637e-09	-0.171172
1.48711e-09	-0.164487
1.48785e-09	-0.157816
1.48859e-09	-0.151159
1.48933e-09	-0.144518
1.49008e-09	-0.137894
1.49082e-09	-0.131287
1.49156e-09	-0.124698
1.4923e-09	-0.118129
1.49304e-09	-0.11158
1.49378e-09	-0.105052
1.49453e-09	-0.0985454
1.49527e-09	-0.0920621
1.49601e-09	-0.0856025
1.49675e-09	-0.0791675
1.49749e-09	-0.0727578
1.49823e-09	-0.0663743
1.49898e-09	-0.0600179
1.49972e-09	-0.0536894
1.50046e-09	-0.0473896
1.5012e-09	-0.0411192
1.50194e-09	-0.0348791
1.50269e-09	-0.0286701
1.50343e-09	-0.0224929
1.50417e-09	-0.0163484
1.50491e-09	-0.0102372
1.50565e-09	-0.00416005
1.50639e-09	0.00188221
1.50714e-09	0.0078889
1.50788e-09	0.0138593
1.50862e-09	0.0197927
1.50936e-09	0.0256884
1.5101e-09	0.0315457
1.51084e-09	0.037364
1.51159e-09	0.0431425
1.51233e-09	0.0488807
1.51307e-09	0.0545778
1.51381e-09	0.0602332
1.51455e-09	0.0658464
1.51529e-09	0.0714166
1.51604e-09	0.0769433
1.51678e-09	0.0824259
1.51752e-09	0.0878638
1.51826e-09	0.0932564
1.519e-09	0.0986032
1.51974e-09	0.103904
1.52049e-09	0.109157
1.52123e-09	0.114363
1.52197e-09	0.119521
1.52271e-09	0.12463
1.52345e-09	0.129691
1.52419e-09	0.134702
1.52494e-09	0.139663
1.52568e-09	0.144574
1.52642e-09	0.149433
1.52716e-09	0.154242
1.5279e-09	0.158998
1.52864e-09	0.163703
1.52939e-09	0.168355
1.53013e-09	0.172954
1.53087e-09	0.177499
1.53161e-09	0.181991
1.53235e-09	0.186428
1.53309e-09	0.190811
1.53384e-09	0.19514
1.53458e-09	0.199413
1.53532e-09	0.20363
1.53606e-09	0.207792
1.5368e-09	0.211898
1.53755e-09	0.215947
1.53829e-09	0.21994
1.53903e-09	0.223876
1.53977e-09	0.227754
1.54051e-09	0.231575
1.54125e-09	0.235339
1.542e-09	0.239044
1.54274e-09	0.242692
1.54348e-09	0.246281
1.54422e-09	0.249811
1.54496e-09	0.253283
1.5457e-09	0.256696
1.54645e-09	0.26005
1.54719e-09	0.263345
1.54793e-09	0.266581
1.54867e-09	0.269757
1.54941e-09	0.272874
1.55015e-09	0.275931
1.5509e-09	0.278928
1.55164e-09	0.281865
1.55238e-09	0.284743
1.55312e-09	0.287561
1.55386e-09	0.290318
1.5546e-09	0.293016
1.55535e-09	0.295653
1.55609e-09	0.29823
1.55683e-09	0.300748
1.55757e-09	0.303205
1.55831e-09	0.305602
1.55905e-09	0.307939
1.5598e-09	0.310215
1.56054e-09	0.312432
1.56128e-09	0.314589
1.56202e-09	0.316686
1.56276e-09	0.318723
1.5635e-09	0.3207
1.56425e-09	0.322618
1.56499e-09	0.324476
1.56573e-09	0.326274
1.56647e-09	0.328013
1.56721e-09	0.329693
1.56795e-09	0.331314
1.5687e-09	0.332876
1.56944e-09	0.334379
1.57018e-09	0.335823
1.57092e-09	0.337208
1.57166e-09	0.338536
1.5724e-09	0.339805
1.57315e-09	0.341016
1.57389e-09	0.34217
1.57463e-09	0.343266
1.57537e-09	0.344305
1.57611e-09	0.345286
1.57686e-09	0.346211
1.5776e-09	0.347079
1.57834e-09	0.347891
1.57908e-09	0.348646
1.57982e-09	0.349346
1.58056e-09	0.34999
1.58131e-09	0.350579
1.58205e-09	0.351113
1.58279e-09	0.351593
1.58353e-09	0.352017
1.58427e-09	0.352388
1.58501e-09	0.352705
1.58576e-09	0.352969
1.5865e-09	0.353179
1.58724e-09	0.353337
1.58798e-09	0.353442
1.58872e-09	0.353495
1.58946e-09	0.353497
1.59021e-09	0.353447
1.59095e-09	0.353346
1.59169e-09	0.353195
1.59243e-09	0.352993
1.59317e-09	0.352741
1.59391e-09	0.35244
1.59466e-09	0.35209
1.5954e-09	0.351691
1.59614e-09	0.351244
1.59688e-09	0.35075
1.59762e-09	0.350207
1.59836e-09	0.349618
1.59911e-09	0.348982
1.59985e-09	0.348301
1.60059e-09	0.347573
1.60133e-09	0.3468
1.60207e-09	0.345983
1.60281e-09	0.345121
1.60356e-09	0.344215
1.6043e-09	0.343266
1.60504e-09	0.342274
1.60578e-09	0.34124
1.60652e-09	0.340163
1.60726e-09	0.339045
1.60801e-09	0.337886
1.60875e-09	0.336686
1.60949e-09	0.335447
1.61023e-09	0.334168
1.61097e-09	0.332849
1.61172e-09	0.331492
1.61246e-09	0.330097
1.6132e-09	0.328665
1.61394e-09	0.327195
1.61468e-09	0.325689
1.61542e-09	0.324147
1.61617e-09	0.322569
1.61691e-09	0.320956
1.61765e-09	0.319309
1.61839e-09	0.317628
1.61913e-09	0.315913
1.61987e-09	0.314165
1.62062e-09	0.312385
1.62136e-09	0.310573
1.6221e-09	0.30873
1.62284e-09	0.306856
1.62358e-09	0.304952
1.62432e-09	0.303018
1.62507e-09	0.301054
1.62581e-09	0.299062
1.62655e-09	0.297042
1.62729e-09	0.294994
1.62803e-09	0.292919
1.62877e-09	0.290818
1.62952e-09	0.288691
1.63026e-09	0.286538
1.631e-09	0.28436
1.63174e-09	0.282158
1.63248e-09	0.279932
1.63322e-09	0.277683
1.63397e-09	0.275411
1.63471e-09	0.273116
1.63545e-09	0.270801
1.63619e-09	0.268464
1.63693e-09	0.266106
1.63767e-09	0.263728
1.63842e-09	0.261331
1.63916e-09	0.258915
1.6399e-09	0.25648
1.64064e-09	0.254028
1.64138e-09	0.251558
1.64212e-09	0.249071
1.64287e-09	0.246568
1.64361e-09	0.244049
1.64435e-09	0.241515
1.64509e-09	0.238966
1.64583e-09	0.236403
1.64657e-09	0.233826
1.64732e-09	0.231236
1.64806e-09	0.228633
1.6488e-09	0.226019
1.64954e-09	0.223392
1.65028e-09	0.220755
1.65103e-09	0.218107
1.65177e-09	0.215449
1.65251e-09	0.212781
1.65325e-09	0.210105
1.65399e-09	0.20742
1.65473e-09	0.204726
1.65548e-09	0.202026
1.65622e-09	0.199318
1.65696e-09	0.196603
1.6577e-09	0.193883
1.65844e-09	0.191157
1.65918e-09	0.188426
1.65993e-09	0.18569
1.66067e-09	0.18295
1.66141e-09	0.180206
1.66215e-09	0.177459
1.66289e-09	0.17471
1.66363e-09	0.171958
1.66438e-09	0.169205
1.66512e-09	0.16645
1.66586e-09	0.163694
1.6666e-09	0.160938
1.66734e-09	0.158182
1.66808e-09	0.155426
1.66883e-09	0.152671
1.66957e-09	0.149917
1.67031e-09	0.147166
1.67105e-09	0.144416
1.67179e-09	0.141669
1.67253e-09	0.138926
1.67328e-09	0.136185
1.67402e-09	0.133449
1.67476e-09	0.130716
1.6755e-09	0.127989
1.67624e-09	0.125267
1.67698e-09	0.12255
1.67773e-09	0.119839
1.67847e-09	0.117134
1.67921e-09	0.114436
1.67995e-09	0.111745
1.68069e-09	0.109061
1.68143e-09	0.106385
1.68218e-09	0.103717
1.68292e-09	0.101058
1.68366e-09	0.0984079
1.6844e-09	0.0957668
1.68514e-09	0.0931353
1.68589e-09	0.0905137
1.68663e-09	0.0879023
1.68737e-09	0.0853016
1.68811e-09	0.0827117
1.68885e-09	0.0801332
1.68959e-09	0.0775662
1.69034e-09	0.075011
1.69108e-09	0.0724681
1.69182e-09	0.0699377
1.69256e-09	0.0674201
1.6933e-09	0.0649155
1.69404e-09	0.0624244
1.69479e-09	0.0599469
1.69553e-09	0.0574835
1.69627e-09	0.0550342
1.69701e-09	0.0525995
1.69775e-09	0.0501795
1.69849e-09	0.0477746
1.69924e-09	0.045385
1.69998e-09	0.043011
1.70072e-09	0.0406527
1.70146e-09	0.0383105
1.7022e-09	0.0359846
1.70294e-09	0.0336752
1.70369e-09	0.0313826
1.70443e-09	0.0291069
1.70517e-09	0.0268484
1.70591e-09	0.0246073
1.70665e-09	0.0223838
1.70739e-09	0.0201782
1.70814e-09	0.0179905
1.70888e-09	0.0158211
1.70962e-09	0.0136701
1.71036e-09	0.0115376
1.7111e-09	0.00942394
1.71184e-09	0.0073292
1.71259e-09	0.00525356
1.71333e-09	0.0031972
1.71407e-09	0.00116027
1.71481e-09	-0.000857077
1.71555e-09	-0.00285468
1.71629e-09	-0.0048324
1.71704e-09	-0.00679009
1.71778e-09	-0.00872763
1.71852e-09	-0.0106449
1.71926e-09	-0.0125417
1.72e-09	-0.014418
1.72075e-09	-0.0162736
1.72149e-09	-0.0181084
1.72223e-09	-0.0199224
1.72297e-09	-0.0217154
1.72371e-09	-0.0234873
1.72445e-09	-0.025238
1.7252e-09	-0.0269674
1.72594e-09	-0.0286756
1.72668e-09	-0.0303622
1.72742e-09	-0.0320274
1.72816e-09	-0.033671
1.7289e-09	-0.035293
1.72965e-09	-0.0368932
1.73039e-09	-0.0384717
1.73113e-09	-0.0400283
1.73187e-09	-0.0415631
1.73261e-09	-0.043076
1.73335e-09	-0.0445669
1.7341e-09	-0.0460358
1.73484e-09	-0.0474827
1.73558e-09	-0.0489076
1.73632e-09	-0.0503104
1.73706e-09	-0.051691
1.7378e-09	-0.0530496
1.73855e-09	-0.054386
1.73929e-09	-0.0557003
1.74003e-09	-0.0569925
1.74077e-09	-0.0582625
1.74151e-09	-0.0595104
1.74225e-09	-0.0607362
1.743e-09	-0.0619399
1.74374e-09	-0.0631215
1.74448e-09	-0.0642809
1.74522e-09	-0.0654184
1.74596e-09	-0.0665338
1.7467e-09	-0.0676272
1.74745e-09	-0.0686987
1.74819e-09	-0.0697482
1.74893e-09	-0.0707758
1.74967e-09	-0.0717816
1.75041e-09	-0.0727656
1.75115e-09	-0.0737279
1.7519e-09	-0.0746684
1.75264e-09	-0.0755874
1.75338e-09	-0.0764848
1.75412e-09	-0.0773606
1.75486e-09	-0.0782151
1.7556e-09	-0.0790482
1.75635e-09	-0.0798599
1.75709e-09	-0.0806505
1.75783e-09	-0.08142
1.75857e-09	-0.0821684
1.75931e-09	-0.0828958
1.76006e-09	-0.0836023
1.7608e-09	-0.0842881
1.76154e-09	-0.0849532
1.76228e-09	-0.0855977
1.76302e-09	-0.0862217
1.76376e-09	-0.0868253
1.76451e-09	-0.0874086
1.76525e-09	-0.0879718
1.76599e-09	-0.0885149
1.76673e-09	-0.089038
1.76747e-09	-0.0895413
1.76821e-09	-0.0900249
1.76896e-09	-0.0904889
1.7697e-09	-0.0909334
1.77044e-09	-0.0913586
1.77118e-09	-0.0917645
1.77192e-09	-0.0921514
1.77266e-09	-0.0925193
1.77341e-09	-0.0928684
1.77415e-09	-0.0931987
1.77489e-09	-0.0935105
1.77563e-09	-0.0938039
1.77637e-09	-0.094079
1.77711e-09	-0.094336
1.77786e-09	-0.094575
1.7786e-09	-0.0947962
1.77934e-09	-0.0949996
1.78008e-09	-0.0951856
1.78082e-09	-0.0953541
1.78156e-09	-0.0955054
1.78231e-09	-0.0956396
1.78305e-09	-0.0957569
1.78379e-09	-0.0958574
1.78453e-09	-0.0959414
1.78527e-09	-0.0960088
1.78601e-09	-0.09606
1.78676e-09	-0.0960951
1.7875e-09	-0.0961142
1.78824e-09	-0.0961175
1.78898e-09	-0.0961052
1.78972e-09	-0.0960774
1.79046e-09	-0.0960344
1.79121e-09	-0.0959762
1.79195e-09	-0.0959031
1.79269e-09	-0.0958152
1.79343e-09	-0.0957127
1.79417e-09	-0.0955958
1.79492e-09	-0.0954646
1.79566e-09	-0.0953193
1.7964e-09	-0.0951602
1.79714e-09	-0.0949873
1.79788e-09	-0.0948009
1.79862e-09	-0.0946011
1.79937e-09	-0.0943881
1.80011e-09	-0.0941621
1.80085e-09	-0.0939233
1.80159e-09	-0.0936718
1.80233e-09	-0.0934078
1.80307e-09	-0.0931316
1.80382e-09	-0.0928432
1.80456e-09	-0.0925429
1.8053e-09	-0.0922309
1.80604e-09	-0.0919073
1.80678e-09	-0.0915723
1.80752e-09	-0.0912262
1.80827e-09	-0.090869
1.80901e-09	-0.0905009
1.80975e-09	-0.0901222
1.81049e-09	-0.0897331
1.81123e-09	-0.0893336
1.81197e-09	-0.0889241
1.81272e-09	-0.0885046
1.81346e-09	-0.0880754
1.8142e-09	-0.0876366
1.81494e-09	-0.0871885
1.81568e-09	-0.0867311
1.81642e-09	-0.0862648
1.81717e-09	-0.0857896
1.81791e-09	-0.0853057
1.81865e-09	-0.0848134
1.81939e-09	-0.0843128
1.82013e-09	-0.0838041
1.82087e-09	-0.0832874
1.82162e-09	-0.082763
1.82236e-09	-0.082231
1.8231e-09	-0.0816916
1.82384e-09	-0.081145
1.82458e-09	-0.0805913
1.82532e-09	-0.0800308
1.82607e-09	-0.0794636
1.82681e-09	-0.0788898
1.82755e-09	-0.0783097
1.82829e-09	-0.0777234
1.82903e-09	-0.0771312
1.82977e-09	-0.076533
1.83052e-09	-0.0759293
1.83126e-09	-0.07532
1.832e-09	-0.0747054
1.83274e-09	-0.0740857
1.83348e-09	-0.073461
1.83423e-09	-0.0728314
1.83497e-09	-0.0721972
1.83571e-09	-0.0715585
1.83645e-09	-0.0709155
1.83719e-09	-0.0702683
1.83793e-09	-0.0696171
1.83868e-09	-0.0689621
1.83942e-09	-0.0683034
1.84016e-09	-0.0676411
1.8409e-09	-0.0669755
1.84164e-09	-0.0663067
1.84238e-09	-0.0656348
1.84313e-09	-0.06496
1.84387e-09	-0.0642825
1.84461e-09	-0.0636023
1.84535e-09	-0.0629197
1.84609e-09	-0.0622348
1.84683e-09	-0.0615478
1.84758e-09	-0.0608587
1.84832e-09	-0.0601678
1.84906e-09	-0.0594751
1.8498e-09	-0.0587809
1.85054e-09	-0.0580852
1.85128e-09	-0.0573882
1.85203e-09	-0.0566901
1.85277e-09	-0.0559909
1.85351e-09	-0.0552909
1.85425e-09	-0.0545901
1.85499e-09	-0.0538887
1.85573e-09	-0.0531868
1.85648e-09	-0.0524845
1.85722e-09	-0.051782
1.85796e-09	-0.0510794
1.8587e-09	-0.0503768
1.85944e-09	-0.0496744
1.86018e-09	-0.0489722
1.86093e-09	-0.0482705
1.86167e-09	-0.0475692
1.86241e-09	-0.0468686
1.86315e-09	-0.0461687
1.86389e-09	-0.0454697
1.86463e-09	-0.0447716
1.86538e-09	-0.0440747
1.86612e-09	-0.0433789
1.86686e-09	-0.0426845
1.8676e-09	-0.0419915
1.86834e-09	-0.0413
1.86909e-09	-0.0406101
1.86983e-09	-0.039922
1.87057e-09	-0.0392357
1.87131e-09	-0.0385513
1.87205e-09	-0.037869
1.87279e-09	-0.0371887
1.87354e-09	-0.0365108
1.87428e-09	-0.0358351
1.87502e-09	-0.0351619
1.87576e-09	-0.0344911
1.8765e-09	-0.033823
1.87724e-09	-0.0331575
1.87799e-09	-0.0324948
1.87873e-09	-0.031835
1.87947e-09	-0.031178
1.88021e-09	-0.0305242
1.88095e-09	-0.0298734
1.88169e-09	-0.0292258
1.88244e-09	-0.0285814
1.88318e-09	-0.0279404
1.88392e-09	-0.0273028
1.88466e-09	-0.0266686
1.8854e-09	-0.026038
1.88614e-09	-0.025411
1.88689e-09	-0.0247878
1.88763e-09	-0.0241682
1.88837e-09	-0.0235525
1.88911e-09	-0.0229407
1.88985e-09	-0.0223328
1.89059e-09	-0.0217289
1.89134e-09	-0.0211291
1.89208e-09	-0.0205334
1.89282e-09	-0.0199419
1.89356e-09	-0.0193546
1.8943e-09	-0.0187716
1.89504e-09	-0.018193
1.89579e-09	-0.0176187
1.89653e-09	-0.0170489
1.89727e-09	-0.0164835
1.89801e-09	-0.0159227
1.89875e-09	-0.0153665
1.89949e-09	-0.0148149
1.90024e-09	-0.0142679
1.90098e-09	-0.0137256
1.90172e-09	-0.0131881
1.90246e-09	-0.0126554
1.9032e-09	-0.0121275
1.90395e-09	-0.0116044
1.90469e-09	-0.0110862
1.90543e-09	-0.010573
1.90617e-09	-0.0100646
1.90691e-09	-0.00956128
1.90765e-09	-0.00906294
1.9084e-09	-0.00856963
1.90914e-09	-0.00808138
1.90988e-09	-0.00759821
1.91062e-09	-0.00712014
1.91136e-09	-0.0066472
1.9121e-09	-0.00617941
1.91285e-09	-0.00571679
1.91359e-09	-0.00525935
1.91433e-09	-0.00480712
1.91507e-09	-0.0043601
1.91581e-09	-0.00391831
1.91655e-09	-0.00348178
1.9173e-09	-0.0030505
1.91804e-09	-0.00262449
1.91878e-09	-0.00220376
1.91952e-09	-0.00178832
1.92026e-09	-0.00137817
1.921e-09	-0.00097333
1.92175e-09	-0.000573795
1.92249e-09	-0.000179573
1.92323e-09	0.000209333
1.92397e-09	0.000592921
1.92471e-09	0.000971189
1.92545e-09	0.00134414
1.9262e-09	0.00171177
1.92694e-09	0.00207408
1.92768e-09	0.00243108
1.92842e-09	0.00278277
1.92916e-09	0.00312916
1.9299e-09	0.00347024
1.93065e-09	0.00380603
1.93139e-09	0.00413654
1.93213e-09	0.00446177
1.93287e-09	0.00478173
1.93361e-09	0.00509644
1.93435e-09	0.0054059
1.9351e-09	0.00571013
1.93584e-09	0.00600914
1.93658e-09	0.00630294
1.93732e-09	0.00659155
1.93806e-09	0.00687498
1.9388e-09	0.00715325
1.93955e-09	0.00742638
1.94029e-09	0.00769439
1.94103e-09	0.00795729
1.94177e-09	0.0082151
1.94251e-09	0.00846784
1.94326e-09	0.00871554
1.944e-09	0.00895821
1.94474e-09	0.00919588
1.94548e-09	0.00942857
1.94622e-09	0.00965631
1.94696e-09	0.00987911
1.94771e-09	0.010097
1.94845e-09	0.01031
1.94919e-09	0.0105182
1.94993e-09	0.0107215
1.95067e-09	0.01092
1.95141e-09	0.0111138
1.95216e-09	0.0113028
1.9529e-09	0.0114871
1.95364e-09	0.0116667
1.95438e-09	0.0118416
1.95512e-09	0.012012
1.95586e-09	0.0121777
1.95661e-09	0.0123388
1.95735e-09	0.0124955
1.95809e-09	0.0126476
1.95883e-09	0.0127953
1.95957e-09	0.0129385
1.96031e-09	0.0130773
1.96106e-09	0.0132118
1.9618e-09	0.013342
1.96254e-09	0.0134678
1.96328e-09	0.0135894
1.96402e-09	0.0137067
1.96476e-09	0.0138199
1.96551e-09	0.0139289
1.96625e-09	0.0140338
1.96699e-09	0.0141347
1.96773e-09	0.0142315
1.96847e-09	0.0143242
1.96921e-09	0.0144131
1.96996e-09	0.014498
1.9707e-09	0.014579
1.97144e-09	0.0146561
1.97218e-09	0.0147295
1.97292e-09	0.014799
1.97366e-09	0.0148649
1.97441e-09	0.014927
1.97515e-09	0.0149855
1.97589e-09	0.0150404
1.97663e-09	0.0150917
1.97737e-09	0.0151395
1.97812e-09	0.0151838
1.97886e-09	0.0152246
1.9796e-09	0.0152621
1.98034e-09	0.0152961
1.98108e-09	0.0153269
1.98182e-09	0.0153543
1.98257e-09	0.0153785
1.98331e-09	0.0153995
1.98405e-09	0.0154173
1.98479e-09	0.015432
1.98553e-09	0.0154437
1.98627e-09	0.0154522
1.98702e-09	0.0154578
1.98776e-09	0.0154605
1.9885e-09	0.0154602
1.98924e-09	0.015457
1.98998e-09	0.015451
1.99072e-09	0.0154423
1.99147e-09	0.0154307
1.99221e-09	0.0154165
1.99295e-09	0.0153996
1.99369e-09	0.0153801
1.99443e-09	0.015358
1.99517e-09	0.0153333
1.99592e-09	0.0153062
1.99666e-09	0.0152766
1.9974e-09	0.0152446
1.99814e-09	0.0152102
1.99888e-09	0.0151734
1.99962e-09	0.0151344
2.00037e-09	0.0150931
2.00111e-09	0.0150496
2.00185e-09	0.0150039
2.00259e-09	0.0149561
2.00333e-09	0.0149062
2.00407e-09	0.0148542
2.00482e-09	0.0148003
2.00556e-09	0.0147443
2.0063e-09	0.0146864
2.00704e-09	0.0146267
2.00778e-09	0.014565
2.00852e-09	0.0145016
2.00927e-09	0.0144364
2.01001e-09	0.0143694
2.01075e-09	0.0143007
2.01149e-09	0.0142304
2.01223e-09	0.0141585
2.01297e-09	0.0140849
2.01372e-09	0.0140098
2.01446e-09	0.0139332
2.0152e-09	0.0138552
2.01594e-09	0.0137757
2.01668e-09	0.0136948
2.01743e-09	0.0136125
2.01817e-09	0.0135289
2.01891e-09	0.013444
2.01965e-09	0.0133578
2.02039e-09	0.0132705
2.02113e-09	0.0131819
2.02188e-09	0.0130922
2.02262e-09	0.0130014
2.02336e-09	0.0129095
2.0241e-09	0.0128165
2.02484e-09	0.0127226
2.02558e-09	0.0126276
2.02633e-09	0.0125317
2.02707e-09	0.0124349
2.02781e-09	0.0123372
2.02855e-09	0.0122387
2.02929e-09	0.0121393
2.03003e-09	0.0120392
2.03078e-09	0.0119383
2.03152e-09	0.0118367
2.03226e-09	0.0117344
2.033e-09	0.0116314
2.03374e-09	0.0115278
2.03448e-09	0.0114236
2.03523e-09	0.0113188
2.03597e-09	0.0112135
2.03671e-09	0.0111077
2.03745e-09	0.0110014
2.03819e-09	0.0108946
2.03893e-09	0.0107874
2.03968e-09	0.0106798
2.04042e-09	0.0105718
2.04116e-09	0.0104635
2.0419e-09	0.0103549
2.04264e-09	0.010246
2.04338e-09	0.0101368
2.04413e-09	0.0100274
2.04487e-09	0.00991772
2.04561e-09	0.00980789
2.04635e-09	0.00969789
2.04709e-09	0.00958775
2.04783e-09	0.00947749
2.04858e-09	0.00936714
2.04932e-09	0.00925673
2.05006e-09	0.00914626
2.0508e-09	0.00903577
2.05154e-09	0.00892528
2.05229e-09	0.00881481
2.05303e-09	0.00870439
2.05377e-09	0.00859402
2.05451e-09	0.00848375
2.05525e-09	0.00837358
2.05599e-09	0.00826353
2.05674e-09	0.00815363
2.05748e-09	0.0080439
2.05822e-09	0.00793436
2.05896e-09	0.00782502
2.0597e-09	0.0077159
2.06044e-09	0.00760702
2.06119e-09	0.00749841
2.06193e-09	0.00739007
2.06267e-09	0.00728203
2.06341e-09	0.0071743
2.06415e-09	0.0070669
2.06489e-09	0.00695984
2.06564e-09	0.00685315
2.06638e-09	0.00674684
2.06712e-09	0.00664092
2.06786e-09	0.00653541
2.0686e-09	0.00643032
2.06934e-09	0.00632567
2.07009e-09	0.00622147
2.07083e-09	0.00611774
2.07157e-09	0.00601449
2.07231e-09	0.00591173
2.07305e-09	0.00580948
2.07379e-09	0.00570775
2.07454e-09	0.00560655
2.07528e-09	0.00550589
2.07602e-09	0.00540579
2.07676e-09	0.00530626
2.0775e-09	0.0052073
2.07824e-09	0.00510894
2.07899e-09	0.00501117
2.07973e-09	0.00491402
2.08047e-09	0.00481748
2.08121e-09	0.00472158
2.08195e-09	0.00462632
2.08269e-09	0.0045317
2.08344e-09	0.00443774
2.08418e-09	0.00434445
2.08492e-09	0.00425184
2.08566e-09	0.00415991
2.0864e-09	0.00406866
2.08715e-09	0.00397812
2.08789e-09	0.00388828
2.08863e-09	0.00379916
2.08937e-09	0.00371076
2.09011e-09	0.00362308
2.09085e-09	0.00353614
2.0916e-09	0.00344993
2.09234e-09	0.00336447
2.09308e-09	0.00327976
2.09382e-09	0.0031958
2.09456e-09	0.00311261
2.0953e-09	0.00303018
2.09605e-09	0.00294852
2.09679e-09	0.00286763
2.09753e-09	0.00278752
2.09827e-09	0.0027082
2.09901e-09	0.00262966
2.09975e-09	0.00255191
2.1005e-09	0.00247495
2.10124e-09	0.00239879
2.10198e-09	0.00232343
2.10272e-09	0.00224887
2.10346e-09	0.00217511
2.1042e-09	0.00210215
2.10495e-09	0.00203001
2.10569e-09	0.00195867
2.10643e-09	0.00188814
2.10717e-09	0.00181843
2.10791e-09	0.00174953
2.10865e-09	0.00168144
2.1094e-09	0.00161417
2.11014e-09	0.00154771
2.11088e-09	0.00148207
2.11162e-09	0.00141724
2.11236e-09	0.00135323
2.1131e-09	0.00129004
2.11385e-09	0.00122766
2.11459e-09	0.0011661
2.11533e-09	0.00110535
2.11607e-09	0.00104542
2.11681e-09	0.000986298
2.11755e-09	0.000927988
2.1183e-09	0.00087049
2.11904e-09	0.0008138
2.11978e-09	0.000757917
2.12052e-09	0.000702841
2.12126e-09	0.000648568
2.122e-09	0.000595097
2.12275e-09	0.000542426
2.12349e-09	0.000490552
2.12423e-09	0.000439473
2.12497e-09	0.000389186
2.12571e-09	0.000339689
2.12646e-09	0.000290979
2.1272e-09	0.000243053
2.12794e-09	0.000195908
2.12868e-09	0.00014954
2.12942e-09	0.000103947
2.13016e-09	5.91249e-05
2.13091e-09	1.50704e-05
2.13165e-09	-2.82203e-05
2.13239e-09	-7.07507e-05
2.13313e-09	-0.000112525
2.13387e-09	-0.000153547
2.13461e-09	-0.00019382
2.13536e-09	-0.000233349
2.1361e-09	-0.000272138
2.13684e-09	-0.000310192
2.13758e-09	-0.000347514
2.13832e-09	-0.000384109
2.13906e-09	-0.000419982
2.13981e-09	-0.000455138
2.14055e-09	-0.000489581
2.14129e-09	-0.000523315
2.14203e-09	-0.000556347
2.14277e-09	-0.00058868
2.14351e-09	-0.00062032
2.14426e-09	-0.000651272
2.145e-09	-0.000681541
2.14574e-09	-0.000711132
2.14648e-09	-0.000740051
2.14722e-09	-0.000768302
2.14796e-09	-0.000795892
2.14871e-09	-0.000822826
2.14945e-09	-0.000849109
2.15019e-09	-0.000874747
2.15093e-09	-0.000899745
2.15167e-09	-0.00092411
2.15241e-09	-0.000947846
2.15316e-09	-0.000970959
2.1539e-09	-0.000993456
2.15464e-09	-0.00101534
2.15538e-09	-0.00103662
2.15612e-09	-0.0010573
2.15686e-09	-0.00107739
2.15761e-09	-0.00109689
2.15835e-09	-0.00111581
2.15909e-09	-0.00113416
2.15983e-09	-0.00115193
2.16057e-09	-0.00116915
2.16132e-09	-0.0011858
2.16206e-09	-0.0012019
2.1628e-09	-0.00121746
2.16354e-09	-0.00123248
2.16428e-09	-0.00124697
2.16502e-09	-0.00126093
2.16577e-09	-0.00127437
2.16651e-09	-0.0012873
2.16725e-09	-0.00129972
2.16799e-09	-0.00131163
2.16873e-09	-0.00132305
2.16947e-09	-0.00133399
2.17022e-09	-0.00134443
2.17096e-09	-0.00135441
2.1717e-09	-0.00136391
2.17244e-09	-0.00137294
2.17318e-09	-0.00138152
2.17392e-09	-0.00138965
2.17467e-09	-0.00139733
2.17541e-09	-0.00140457
2.17615e-09	-0.00141138
2.17689e-09	-0.00141775
2.17763e-09	-0.00142371
2.17837e-09	-0.00142926
2.17912e-09	-0.00143439
2.17986e-09	-0.00143912
2.1806e-09	-0.00144346
2.18134e-09	-0.0014474
2.18208e-09	-0.00145096
2.18282e-09	-0.00145414
2.18357e-09	-0.00145695
2.18431e-09	-0.0014594
2.18505e-09	-0.00146148
2.18579e-09	-0.0014632
2.18653e-09	-0.00146458
2.18727e-09	-0.00146562
2.18802e-09	-0.00146632
2.18876e-09	-0.00146669
2.1895e-09	-0.00146673
2.19024e-09	-0.00146646
2.19098e-09	-0.00146587
2.19172e-09	-0.00146497
2.19247e-09	-0.00146377
2.19321e-09	-0.00146228
2.19395e-09	-0.0014605
2.19469e-09	-0.00145842
2.19543e-09	-0.00145608
2.19617e-09	-0.00145345
2.19692e-09	-0.00145056
2.19766e-09	-0.00144741
2.1984e-09	-0.00144399
2.19914e-09	-0.00144033
2.19988e-09	-0.00143642
2.20063e-09	-0.00143227
2.20137e-09	-0.00142788
2.20211e-09	-0.00142326
2.20285e-09	-0.00141841
2.20359e-09	-0.00141335
2.20433e-09	-0.00140807
2.20508e-09	-0.00140258
2.20582e-09	-0.00139688
2.20656e-09	-0.00139099
2.2073e-09	-0.0013849
2.20804e-09	-0.00137862
2.20878e-09	-0.00137215
2.20953e-09	-0.0013655
2.21027e-09	-0.00135868
2.21101e-09	-0.00135169
2.21175e-09	-0.00134452
2.21249e-09	-0.0013372
2.21323e-09	-0.00132972
2.21398e-09	-0.00132209
2.21472e-09	-0.00131431
2.21546e-09	-0.00130639
2.2162e-09	-0.00129833
2.21694e-09	-0.00129013
2.21768e-09	-0.0012818
2.21843e-09	-0.00127335
2.21917e-09	-0.00126477
2.21991e-09	-0.00125608
2.22065e-09	-0.00124727
2.22139e-09	-0.00123835
2.22213e-09	-0.00122933
2.22288e-09	-0.0012202
2.22362e-09	-0.00121098
2.22436e-09	-0.00120167
2.2251e-09	-0.00119226
2.22584e-09	-0.00118277
2.22658e-09	-0.00117319
2.22733e-09	-0.00116354
2.22807e-09	-0.00115381
2.22881e-09	-0.00114401
2.22955e-09	-0.00113414
2.23029e-09	-0.00112421
2.23103e-09	-0.00111422
2.23178e-09	-0.00110417
2.23252e-09	-0.00109406
2.23326e-09	-0.00108391
2.234e-09	-0.0010737
2.23474e-09	-0.00106346
2.23549e-09	-0.00105317
2.23623e-09	-0.00104284
2.23697e-09	-0.00103248
2.23771e-09	-0.00102208
2.23845e-09	-0.00101166
2.23919e-09	-0.00100121
2.23994e-09	-0.000990738
2.24068e-09	-0.000980244
2.24142e-09	-0.000969733
2.24216e-09	-0.000959207
2.2429e-09	-0.000948668
2.24364e-09	-0.00093812
2.24439e-09	-0.000927565
2.24513e-09	-0.000917005
2.24587e-09	-0.000906444
2.24661e-09	-0.000895882
2.24735e-09	-0.000885324
2.24809e-09	-0.000874771
2.24884e-09	-0.000864225
2.24958e-09	-0.00085369
2.25032e-09	-0.000843166
2.25106e-09	-0.000832657
2.2518e-09	-0.000822164
2.25254e-09	-0.000811689
2.25329e-09	-0.000801235
2.25403e-09	-0.000790804
2.25477e-09	-0.000780397
2.25551e-09	-0.000770017
2.25625e-09	-0.000759665
2.25699e-09	-0.000749343
2.25774e-09	-0.000739054
2.25848e-09	-0.000728798
2.25922e-09	-0.000718577
2.25996e-09	-0.000708394
2.2607e-09	-0.00069825
2.26144e-09	-0.000688146
2.26219e-09	-0.000678084
2.26293e-09	-0.000668066
2.26367e-09	-0.000658093
2.26441e-09	-0.000648166
2.26515e-09	-0.000638287
2.26589e-09	-0.000628457
2.26664e-09	-0.000618678
2.26738e-09	-0.000608951
2.26812e-09	-0.000599277
2.26886e-09	-0.000589657
2.2696e-09	-0.000580093
2.27035e-09	-0.000570586
2.27109e-09	-0.000561136
2.27183e-09	-0.000551745
2.27257e-09	-0.000542415
2.27331e-09	-0.000533145
2.27405e-09	-0.000523937
2.2748e-09	-0.000514792
2.27554e-09	-0.000505711
2.27628e-09	-0.000496695
2.27702e-09	-0.000487744
2.27776e-09	-0.00047886
2.2785e-09	-0.000470043
2.27925e-09	-0.000461293
2.27999e-09	-0.000452613
2.28073e-09	-0.000444002
2.28147e-09	-0.00043546
2.28221e-09	-0.00042699
2.28295e-09	-0.00041859
2.2837e-09	-0.000410263
2.28444e-09	-0.000402008
2.28518e-09	-0.000393826
2.28592e-09	-0.000385717
2.28666e-09	-0.000377682
2.2874e-09	-0.000369722
2.28815e-09	-0.000361836
2.28889e-09	-0.000354025
2.28963e-09	-0.00034629
2.29037e-09	-0.000338631
2.29111e-09	-0.000331048
2.29185e-09	-0.000323541
2.2926e-09	-0.000316111
2.29334e-09	-0.000308758
2.29408e-09	-0.000301482
2.29482e-09	-0.000294284
2.29556e-09	-0.000287163
2.2963e-09	-0.00028012
2.29705e-09	-0.000273154
2.29779e-09	-0.000266267
2.29853e-09	-0.000259458
2.29927e-09	-0.000252726
2.30001e-09	-0.000246073
2.30075e-09	-0.000239498
2.3015e-09	-0.000233002
2.30224e-09	-0.000226583
2.30298e-09	-0.000220243
2.30372e-09	-0.000213981
2.30446e-09	-0.000207796
2.3052e-09	-0.00020169
2.30595e-09	-0.000195662
2.30669e-09	-0.000189711
2.30743e-09	-0.000183838
2.30817e-09	-0.000178043
2.30891e-09	-0.000172325
2.30966e-09	-0.000166684
2.3104e-09	-0.00016112
2.31114e-09	-0.000155632
2.31188e-09	-0.000150221
2.31262e-09	-0.000144887
2.31336e-09	-0.000139628
2.31411e-09	-0.000134445
2.31485e-09	-0.000129338
2.31559e-09	-0.000124305
2.31633e-09	-0.000119348
2.31707e-09	-0.000114465
2.31781e-09	-0.000109657
2.31856e-09	-0.000104922
2.3193e-09	-0.000100261
2.32004e-09	-9.56725e-05
2.32078e-09	-9.11572e-05
2.32152e-09	-8.67143e-05
2.32226e-09	-8.23435e-05
2.32301e-09	-7.80442e-05
2.32375e-09	-7.38161e-05
2.32449e-09	-6.96588e-05
2.32523e-09	-6.55718e-05
2.32597e-09	-6.15547e-05
2.32671e-09	-5.7607e-05
2.32746e-09	-5.37284e-05
2.3282e-09	-4.99182e-05
2.32894e-09	-4.61761e-05
2.32968e-09	-4.25016e-05
2.33042e-09	-3.88942e-05
2.33116e-09	-3.53533e-05
2.33191e-09	-3.18785e-05
2.33265e-09	-2.84694e-05
2.33339e-09	-2.51252e-05
2.33413e-09	-2.18457e-05
2.33487e-09	-1.86301e-05
2.33561e-09	-1.54781e-05
2.33636e-09	-1.2389e-05
2.3371e-09	-9.36237e-06
2.33784e-09	-6.39759e-06
2.33858e-09	-3.49415e-06
2.33932e-09	-6.51478e-07
2.34006e-09	2.13097e-06
2.34081e-09	4.85376e-06
2.34155e-09	7.51745e-06
2.34229e-09	1.01226e-05
2.34303e-09	1.26698e-05
2.34377e-09	1.51596e-05
2.34452e-09	1.75926e-05
2.34526e-09	1.99694e-05
2.346e-09	2.22905e-05
2.34674e-09	2.45566e-05
2.34748e-09	2.67681e-05
2.34822e-09	2.89258e-05
2.34897e-09	3.10301e-05
2.34971e-09	3.30818e-05
2.35045e-09	3.50813e-05
2.35119e-09	3.70293e-05
2.35193e-09	3.89263e-05
2.35267e-09	4.07729e-05
2.35342e-09	4.25699e-05
2.35416e-09	4.43176e-05
2.3549e-09	4.60168e-05
2.35564e-09	4.7668e-05
2.35638e-09	4.92718e-05
2.35712e-09	5.08288e-05
2.35787e-09	5.23396e-05
2.35861e-09	5.38049e-05
2.35935e-09	5.52251e-05
2.36009e-09	5.66009e-05
2.36083e-09	5.79329e-05
2.36157e-09	5.92216e-05
2.36232e-09	6.04677e-05
2.36306e-09	6.16717e-05
2.3638e-09	6.28343e-05
2.36454e-09	6.39559e-05
2.36528e-09	6.50373e-05
2.36602e-09	6.60789e-05
2.36677e-09	6.70813e-05
2.36751e-09	6.80452e-05
2.36825e-09	6.89711e-05
2.36899e-09	6.98596e-05
2.36973e-09	7.07112e-05
2.37047e-09	7.15265e-05
2.37122e-09	7.23061e-05
2.37196e-09	7.30505e-05
2.3727e-09	7.37603e-05
2.37344e-09	7.44361e-05
2.37418e-09	7.50784e-05
2.37492e-09	7.56877e-05
2.37567e-09	7.62646e-05
2.37641e-09	7.68097e-05
2.37715e-09	7.73235e-05
2.37789e-09	7.78065e-05
2.37863e-09	7.82593e-05
2.37937e-09	7.86824e-05
2.38012e-09	7.90762e-05
2.38086e-09	7.94415e-05
2.3816e-09	7.97786e-05
2.38234e-09	8.00881e-05
2.38308e-09	8.03705e-05
2.38383e-09	8.06263e-05
2.38457e-09	8.0856e-05
2.38531e-09	8.10601e-05
2.38605e-09	8.12392e-05
2.38679e-09	8.13936e-05
