3.7085e-13	8.1424e-05
1.11255e-12	8.12748e-05
1.85425e-12	8.11012e-05
2.59595e-12	8.09025e-05
3.33765e-12	8.06784e-05
4.07935e-12	8.04283e-05
4.82105e-12	8.01518e-05
5.56275e-12	7.98482e-05
6.30445e-12	7.95172e-05
7.04615e-12	7.91581e-05
7.78785e-12	7.87705e-05
8.52956e-12	7.83538e-05
9.27126e-12	7.79075e-05
1.0013e-11	7.74311e-05
1.07547e-11	7.69241e-05
1.14964e-11	7.63859e-05
1.22381e-11	7.58159e-05
1.29798e-11	7.52137e-05
1.37215e-11	7.45786e-05
1.44632e-11	7.39102e-05
1.52049e-11	7.32078e-05
1.59466e-11	7.24709e-05
1.66883e-11	7.16991e-05
1.743e-11	7.08916e-05
1.81717e-11	7.00479e-05
1.89134e-11	6.91675e-05
1.96551e-11	6.82498e-05
2.03968e-11	6.72942e-05
2.11385e-11	6.63002e-05
2.18802e-11	6.52671e-05
2.26219e-11	6.41945e-05
2.33636e-11	6.30817e-05
2.41053e-11	6.1928e-05
2.4847e-11	6.07331e-05
2.55887e-11	5.94962e-05
2.63304e-11	5.82168e-05
2.70721e-11	5.68943e-05
2.78138e-11	5.5528e-05
2.85555e-11	5.41175e-05
2.92972e-11	5.26621e-05
3.00389e-11	5.11613e-05
3.07806e-11	4.96144e-05
3.15223e-11	4.80208e-05
3.2264e-11	4.63799e-05
3.30057e-11	4.46912e-05
3.37474e-11	4.29541e-05
3.44891e-11	4.11679e-05
3.52308e-11	3.93321e-05
3.59725e-11	3.74461e-05
3.67142e-11	3.55093e-05
3.74559e-11	3.3521e-05
3.81976e-11	3.14808e-05
3.89393e-11	2.93879e-05
3.9681e-11	2.72419e-05
4.04227e-11	2.50421e-05
4.11644e-11	2.2788e-05
4.19061e-11	2.04789e-05
4.26478e-11	1.81143e-05
4.33895e-11	1.56935e-05
4.41312e-11	1.32161e-05
4.48729e-11	1.06815e-05
4.56146e-11	8.08895e-06
4.63563e-11	5.43803e-06
4.7098e-11	2.72815e-06
4.78397e-11	-4.12772e-08
4.85814e-11	-2.8708e-06
4.93231e-11	-5.76098e-06
5.00648e-11	-8.71238e-06
5.08065e-11	-1.17255e-05
5.15482e-11	-1.4801e-05
5.22899e-11	-1.79393e-05
5.30316e-11	-2.1141e-05
5.37733e-11	-2.44066e-05
5.4515e-11	-2.77366e-05
5.52567e-11	-3.11316e-05
5.59984e-11	-3.4592e-05
5.67401e-11	-3.81185e-05
5.74818e-11	-4.17114e-05
5.82235e-11	-4.53713e-05
5.89652e-11	-4.90986e-05
5.97069e-11	-5.28939e-05
6.04486e-11	-5.67577e-05
6.11903e-11	-6.06903e-05
6.1932e-11	-6.46922e-05
6.26737e-11	-6.8764e-05
6.34154e-11	-7.2906e-05
6.41571e-11	-7.71187e-05
6.48988e-11	-8.14024e-05
6.56405e-11	-8.57577e-05
6.63822e-11	-9.01849e-05
6.71239e-11	-9.46844e-05
6.78656e-11	-9.92566e-05
6.86073e-11	-0.000103902
6.9349e-11	-0.000108621
7.00907e-11	-0.000113413
7.08324e-11	-0.00011828
7.15741e-11	-0.000123221
7.23158e-11	-0.000128237
7.30575e-11	-0.000133328
7.37992e-11	-0.000138494
7.45409e-11	-0.000143737
7.52826e-11	-0.000149055
7.60243e-11	-0.000154449
7.6766e-11	-0.00015992
7.75077e-11	-0.000165467
7.82494e-11	-0.000171091
7.89911e-11	-0.000176793
7.97328e-11	-0.000182571
8.04745e-11	-0.000188428
8.12162e-11	-0.000194361
8.19579e-11	-0.000200373
8.26996e-11	-0.000206462
8.34413e-11	-0.000212629
8.4183e-11	-0.000218874
8.49247e-11	-0.000225198
8.56664e-11	-0.000231599
8.64081e-11	-0.000238079
8.71498e-11	-0.000244637
8.78915e-11	-0.000251273
8.86332e-11	-0.000257987
8.93749e-11	-0.000264779
9.01166e-11	-0.00027165
9.08583e-11	-0.000278598
9.16e-11	-0.000285624
9.23417e-11	-0.000292728
9.30834e-11	-0.00029991
9.38251e-11	-0.000307169
9.45668e-11	-0.000314505
9.53085e-11	-0.000321919
9.60502e-11	-0.000329409
9.67919e-11	-0.000336975
9.75336e-11	-0.000344618
9.82753e-11	-0.000352337
9.9017e-11	-0.000360131
9.97587e-11	-0.000368
1.005e-10	-0.000375945
1.01242e-10	-0.000383963
1.01984e-10	-0.000392056
1.02726e-10	-0.000400222
1.03467e-10	-0.000408462
1.04209e-10	-0.000416773
1.04951e-10	-0.000425157
1.05692e-10	-0.000433612
1.06434e-10	-0.000442138
1.07176e-10	-0.000450734
1.07917e-10	-0.0004594
1.08659e-10	-0.000468134
1.09401e-10	-0.000476937
1.10143e-10	-0.000485807
1.10884e-10	-0.000494743
1.11626e-10	-0.000503745
1.12368e-10	-0.000512812
1.13109e-10	-0.000521943
1.13851e-10	-0.000531137
1.14593e-10	-0.000540394
1.15334e-10	-0.000549711
1.16076e-10	-0.000559089
1.16818e-10	-0.000568526
1.1756e-10	-0.000578021
1.18301e-10	-0.000587573
1.19043e-10	-0.00059718
1.19785e-10	-0.000606843
1.20526e-10	-0.000616558
1.21268e-10	-0.000626326
1.2201e-10	-0.000636145
1.22751e-10	-0.000646013
1.23493e-10	-0.00065593
1.24235e-10	-0.000665893
1.24977e-10	-0.000675902
1.25718e-10	-0.000685954
1.2646e-10	-0.000696049
1.27202e-10	-0.000706185
1.27943e-10	-0.00071636
1.28685e-10	-0.000726572
1.29427e-10	-0.00073682
1.30168e-10	-0.000747103
1.3091e-10	-0.000757418
1.31652e-10	-0.000767763
1.32394e-10	-0.000778138
1.33135e-10	-0.000788539
1.33877e-10	-0.000798965
1.34619e-10	-0.000809414
1.3536e-10	-0.000819884
1.36102e-10	-0.000830373
1.36844e-10	-0.000840879
1.37585e-10	-0.0008514
1.38327e-10	-0.000861933
1.39069e-10	-0.000872477
1.39811e-10	-0.000883029
1.40552e-10	-0.000893586
1.41294e-10	-0.000904147
1.42036e-10	-0.000914709
1.42777e-10	-0.000925269
1.43519e-10	-0.000935825
1.44261e-10	-0.000946375
1.45002e-10	-0.000956916
1.45744e-10	-0.000967445
1.46486e-10	-0.00097796
1.47228e-10	-0.000988457
1.47969e-10	-0.000998935
1.48711e-10	-0.00100939
1.49453e-10	-0.00101982
1.50194e-10	-0.00103022
1.50936e-10	-0.00104059
1.51678e-10	-0.00105093
1.52419e-10	-0.00106122
1.53161e-10	-0.00107148
1.53903e-10	-0.00108169
1.54645e-10	-0.00109186
1.55386e-10	-0.00110198
1.56128e-10	-0.00111204
1.5687e-10	-0.00112204
1.57611e-10	-0.00113199
1.58353e-10	-0.00114187
1.59095e-10	-0.00115169
1.59836e-10	-0.00116143
1.60578e-10	-0.0011711
1.6132e-10	-0.00118069
1.62062e-10	-0.0011902
1.62803e-10	-0.00119963
1.63545e-10	-0.00120896
1.64287e-10	-0.00121821
1.65028e-10	-0.00122735
1.6577e-10	-0.0012364
1.66512e-10	-0.00124534
1.67253e-10	-0.00125417
1.67995e-10	-0.00126289
1.68737e-10	-0.00127149
1.69479e-10	-0.00127997
1.7022e-10	-0.00128833
1.70962e-10	-0.00129655
1.71704e-10	-0.00130465
1.72445e-10	-0.0013126
1.73187e-10	-0.00132041
1.73929e-10	-0.00132808
1.7467e-10	-0.00133559
1.75412e-10	-0.00134295
1.76154e-10	-0.00135014
1.76896e-10	-0.00135717
1.77637e-10	-0.00136403
1.78379e-10	-0.00137072
1.79121e-10	-0.00137723
1.79862e-10	-0.00138355
1.80604e-10	-0.00138968
1.81346e-10	-0.00139562
1.82087e-10	-0.00140136
1.82829e-10	-0.00140689
1.83571e-10	-0.00141222
1.84313e-10	-0.00141733
1.85054e-10	-0.00142222
1.85796e-10	-0.00142689
1.86538e-10	-0.00143133
1.87279e-10	-0.00143554
1.88021e-10	-0.0014395
1.88763e-10	-0.00144322
1.89504e-10	-0.00144669
1.90246e-10	-0.0014499
1.90988e-10	-0.00145285
1.9173e-10	-0.00145553
1.92471e-10	-0.00145794
1.93213e-10	-0.00146007
1.93955e-10	-0.00146192
1.94696e-10	-0.00146347
1.95438e-10	-0.00146474
1.9618e-10	-0.0014657
1.96921e-10	-0.00146636
1.97663e-10	-0.0014667
1.98405e-10	-0.00146673
1.99147e-10	-0.00146643
1.99888e-10	-0.0014658
2.0063e-10	-0.00146484
2.01372e-10	-0.00146353
2.02113e-10	-0.00146188
2.02855e-10	-0.00145988
2.03597e-10	-0.00145751
2.04338e-10	-0.00145479
2.0508e-10	-0.00145169
2.05822e-10	-0.00144821
2.06564e-10	-0.00144435
2.07305e-10	-0.0014401
2.08047e-10	-0.00143545
2.08789e-10	-0.00143041
2.0953e-10	-0.00142495
2.10272e-10	-0.00141909
2.11014e-10	-0.0014128
2.11755e-10	-0.00140609
2.12497e-10	-0.00139894
2.13239e-10	-0.00139136
2.13981e-10	-0.00138333
2.14722e-10	-0.00137485
2.15464e-10	-0.00136591
2.16206e-10	-0.00135651
2.16947e-10	-0.00134664
2.17689e-10	-0.0013363
2.18431e-10	-0.00132547
2.19172e-10	-0.00131416
2.19914e-10	-0.00130235
2.20656e-10	-0.00129004
2.21398e-10	-0.00127723
2.22139e-10	-0.0012639
2.22881e-10	-0.00125005
2.23623e-10	-0.00123568
2.24364e-10	-0.00122077
2.25106e-10	-0.00120533
2.25848e-10	-0.00118935
2.26589e-10	-0.00117281
2.27331e-10	-0.00115572
2.28073e-10	-0.00113807
2.28815e-10	-0.00111985
2.29556e-10	-0.00110106
2.30298e-10	-0.00108168
2.3104e-10	-0.00106172
2.31781e-10	-0.00104117
2.32523e-10	-0.00102002
2.33265e-10	-0.000998267
2.34006e-10	-0.000975904
2.34748e-10	-0.000952925
2.3549e-10	-0.000929325
2.36232e-10	-0.000905098
2.36973e-10	-0.000880238
2.37715e-10	-0.000854739
2.38457e-10	-0.000828597
2.39198e-10	-0.000801805
2.3994e-10	-0.000774359
2.40682e-10	-0.000746251
2.41423e-10	-0.000717478
2.42165e-10	-0.000688033
2.42907e-10	-0.000657912
2.43649e-10	-0.000627109
2.4439e-10	-0.000595619
2.45132e-10	-0.000563437
2.45874e-10	-0.000530558
2.46615e-10	-0.000496977
2.47357e-10	-0.000462689
2.48099e-10	-0.000427689
2.4884e-10	-0.000391972
2.49582e-10	-0.000355534
2.50324e-10	-0.00031837
2.51066e-10	-0.000280476
2.51807e-10	-0.000241847
2.52549e-10	-0.00020248
2.53291e-10	-0.000162368
2.54032e-10	-0.00012151
2.54774e-10	-7.98995e-05
2.55516e-10	-3.75339e-05
2.56258e-10	5.59115e-06
2.56999e-10	4.94792e-05
2.57741e-10	9.41341e-05
2.58483e-10	0.000139559
2.59224e-10	0.000185758
2.59966e-10	0.000232734
2.60708e-10	0.00028049
2.61449e-10	0.000329029
2.62191e-10	0.000378355
2.62933e-10	0.000428469
2.63675e-10	0.000479376
2.64416e-10	0.000531077
2.65158e-10	0.000583575
2.659e-10	0.000636872
2.66641e-10	0.00069097
2.67383e-10	0.000745872
2.68125e-10	0.000801579
2.68866e-10	0.000858093
2.69608e-10	0.000915415
2.7035e-10	0.000973548
2.71092e-10	0.00103249
2.71833e-10	0.00109225
2.72575e-10	0.00115282
2.73317e-10	0.0012142
2.74058e-10	0.0012764
2.748e-10	0.00133942
2.75542e-10	0.00140325
2.76283e-10	0.0014679
2.77025e-10	0.00153336
2.77767e-10	0.00159964
2.78509e-10	0.00166674
2.7925e-10	0.00173465
2.79992e-10	0.00180337
2.80734e-10	0.00187291
2.81475e-10	0.00194326
2.82217e-10	0.00201442
2.82959e-10	0.00208639
2.837e-10	0.00215917
2.84442e-10	0.00223276
2.85184e-10	0.00230714
2.85926e-10	0.00238233
2.86667e-10	0.00245832
2.87409e-10	0.00253511
2.88151e-10	0.00261269
2.88892e-10	0.00269105
2.89634e-10	0.00277021
2.90376e-10	0.00285014
2.91117e-10	0.00293086
2.91859e-10	0.00301235
2.92601e-10	0.00309462
2.93343e-10	0.00317765
2.94084e-10	0.00326144
2.94826e-10	0.00334598
2.95568e-10	0.00343128
2.96309e-10	0.00351733
2.97051e-10	0.00360411
2.97793e-10	0.00369163
2.98534e-10	0.00377987
2.99276e-10	0.00386884
3.00018e-10	0.00395852
3.0076e-10	0.00404891
3.01501e-10	0.00414
3.02243e-10	0.00423179
3.02985e-10	0.00432425
3.03726e-10	0.0044174
3.04468e-10	0.00451121
3.0521e-10	0.00460568
3.05951e-10	0.00470081
3.06693e-10	0.00479657
3.07435e-10	0.00489297
3.08177e-10	0.00498999
3.08918e-10	0.00508763
3.0966e-10	0.00518586
3.10402e-10	0.00528469
3.11143e-10	0.0053841
3.11885e-10	0.00548408
3.12627e-10	0.00558461
3.13368e-10	0.0056857
3.1411e-10	0.00578731
3.14852e-10	0.00588945
3.15594e-10	0.0059921
3.16335e-10	0.00609525
3.17077e-10	0.00619887
3.17819e-10	0.00630297
3.1856e-10	0.00640752
3.19302e-10	0.00651252
3.20044e-10	0.00661794
3.20785e-10	0.00672377
3.21527e-10	0.00683
3.22269e-10	0.00693661
3.23011e-10	0.00704359
3.23752e-10	0.00715091
3.24494e-10	0.00725857
3.25236e-10	0.00736655
3.25977e-10	0.00747482
3.26719e-10	0.00758338
3.27461e-10	0.0076922
3.28202e-10	0.00780127
3.28944e-10	0.00791056
3.29686e-10	0.00802006
3.30428e-10	0.00812976
3.31169e-10	0.00823962
3.31911e-10	0.00834963
3.32653e-10	0.00845978
3.33394e-10	0.00857003
3.34136e-10	0.00868038
3.34878e-10	0.00879079
3.35619e-10	0.00890126
3.36361e-10	0.00901174
3.37103e-10	0.00912223
3.37845e-10	0.00923271
3.38586e-10	0.00934314
3.39328e-10	0.0094535
3.4007e-10	0.00956378
3.40811e-10	0.00967395
3.41553e-10	0.00978398
3.42295e-10	0.00989385
3.43036e-10	0.0100035
3.43778e-10	0.010113
3.4452e-10	0.0102223
3.45262e-10	0.0103312
3.46003e-10	0.0104399
3.46745e-10	0.0105483
3.47487e-10	0.0106564
3.48228e-10	0.010764
3.4897e-10	0.0108713
3.49712e-10	0.0109782
3.50453e-10	0.0110846
3.51195e-10	0.0111905
3.51937e-10	0.011296
3.52679e-10	0.0114008
3.5342e-10	0.0115052
3.54162e-10	0.0116089
3.54904e-10	0.011712
3.55645e-10	0.0118145
3.56387e-10	0.0119162
3.57129e-10	0.0120173
3.5787e-10	0.0121176
3.58612e-10	0.0122171
3.59354e-10	0.0123159
3.60096e-10	0.0124137
3.60837e-10	0.0125107
3.61579e-10	0.0126068
3.62321e-10	0.012702
3.63062e-10	0.0127962
3.63804e-10	0.0128893
3.64546e-10	0.0129815
3.65287e-10	0.0130725
3.66029e-10	0.0131625
3.66771e-10	0.0132513
3.67513e-10	0.0133389
3.68254e-10	0.0134254
3.68996e-10	0.0135105
3.69738e-10	0.0135944
3.70479e-10	0.013677
3.71221e-10	0.0137582
3.71963e-10	0.013838
3.72704e-10	0.0139164
3.73446e-10	0.0139933
3.74188e-10	0.0140687
3.7493e-10	0.0141426
3.75671e-10	0.0142149
3.76413e-10	0.0142856
3.77155e-10	0.0143546
3.77896e-10	0.014422
3.78638e-10	0.0144876
3.7938e-10	0.0145514
3.80121e-10	0.0146134
3.80863e-10	0.0146736
3.81605e-10	0.0147319
3.82347e-10	0.0147883
3.83088e-10	0.0148427
3.8383e-10	0.0148951
3.84572e-10	0.0149454
3.85313e-10	0.0149937
3.86055e-10	0.0150398
3.86797e-10	0.0150838
3.87538e-10	0.0151256
3.8828e-10	0.0151651
3.89022e-10	0.0152024
3.89764e-10	0.0152373
3.90505e-10	0.0152698
3.91247e-10	0.0153
3.91989e-10	0.0153276
3.9273e-10	0.0153528
3.93472e-10	0.0153755
3.94214e-10	0.0153956
3.94955e-10	0.0154131
3.95697e-10	0.0154279
3.96439e-10	0.01544
3.97181e-10	0.0154494
3.97922e-10	0.015456
3.98664e-10	0.0154597
3.99406e-10	0.0154607
4.00147e-10	0.0154587
4.00889e-10	0.0154537
4.01631e-10	0.0154458
4.02372e-10	0.0154348
4.03114e-10	0.0154208
4.03856e-10	0.0154036
4.04598e-10	0.0153833
4.05339e-10	0.0153598
4.06081e-10	0.0153331
4.06823e-10	0.0153031
4.07564e-10	0.0152698
4.08306e-10	0.0152331
4.09048e-10	0.015193
4.09789e-10	0.0151494
4.10531e-10	0.0151024
4.11273e-10	0.0150519
4.12015e-10	0.0149978
4.12756e-10	0.0149401
4.13498e-10	0.0148787
4.1424e-10	0.0148137
4.14981e-10	0.0147449
4.15723e-10	0.0146724
4.16465e-10	0.0145961
4.17206e-10	0.0145159
4.17948e-10	0.0144319
4.1869e-10	0.0143439
4.19432e-10	0.014252
4.20173e-10	0.0141561
4.20915e-10	0.0140561
4.21657e-10	0.0139521
4.22398e-10	0.013844
4.2314e-10	0.0137317
4.23882e-10	0.0136153
4.24623e-10	0.0134946
4.25365e-10	0.0133697
4.26107e-10	0.0132405
4.26849e-10	0.013107
4.2759e-10	0.0129691
4.28332e-10	0.0128268
4.29074e-10	0.0126801
4.29815e-10	0.0125289
4.30557e-10	0.0123733
4.31299e-10	0.0122131
4.32041e-10	0.0120484
4.32782e-10	0.0118791
4.33524e-10	0.0117051
4.34266e-10	0.0115265
4.35007e-10	0.0113433
4.35749e-10	0.0111553
4.36491e-10	0.0109626
4.37232e-10	0.0107651
4.37974e-10	0.0105628
4.38716e-10	0.0103557
4.39458e-10	0.0101437
4.40199e-10	0.00992691
4.40941e-10	0.00970518
4.41683e-10	0.00947852
4.42424e-10	0.00924691
4.43166e-10	0.00901032
4.43908e-10	0.00876874
4.44649e-10	0.00852214
4.45391e-10	0.00827049
4.46133e-10	0.00801379
4.46875e-10	0.007752
4.47616e-10	0.0074851
4.48358e-10	0.00721309
4.491e-10	0.00693594
4.49841e-10	0.00665363
4.50583e-10	0.00636614
4.51325e-10	0.00607347
4.52066e-10	0.0057756
4.52808e-10	0.00547251
4.5355e-10	0.00516418
4.54292e-10	0.00485062
4.55033e-10	0.0045318
4.55775e-10	0.00420772
4.56517e-10	0.00387836
4.57258e-10	0.00354372
4.58e-10	0.00320378
4.58742e-10	0.00285855
4.59483e-10	0.00250802
4.60225e-10	0.00215217
4.60967e-10	0.00179101
4.61709e-10	0.00142454
4.6245e-10	0.00105275
4.63192e-10	0.000675635
4.63934e-10	0.000293204
4.64675e-10	-9.45458e-05
4.65417e-10	-0.000487612
4.66159e-10	-0.000885991
4.669e-10	-0.00128968
4.67642e-10	-0.00169867
4.68384e-10	-0.00211296
4.69126e-10	-0.00253254
4.69867e-10	-0.00295741
4.70609e-10	-0.00338754
4.71351e-10	-0.00382293
4.72092e-10	-0.00426358
4.72834e-10	-0.00470946
4.73576e-10	-0.00516056
4.74317e-10	-0.00561687
4.75059e-10	-0.00607837
4.75801e-10	-0.00654503
4.76543e-10	-0.00701685
4.77284e-10	-0.00749381
4.78026e-10	-0.00797587
4.78768e-10	-0.00846302
4.79509e-10	-0.00895523
4.80251e-10	-0.00945248
4.80993e-10	-0.00995474
4.81734e-10	-0.010462
4.82476e-10	-0.0109742
4.83218e-10	-0.0114913
4.8396e-10	-0.0120133
4.84701e-10	-0.0125402
4.85443e-10	-0.0130719
4.86185e-10	-0.0136083
4.86926e-10	-0.0141496
4.87668e-10	-0.0146955
4.8841e-10	-0.0152461
4.89151e-10	-0.0158014
4.89893e-10	-0.0163612
4.90635e-10	-0.0169255
4.91377e-10	-0.0174944
4.92118e-10	-0.0180677
4.9286e-10	-0.0186454
4.93602e-10	-0.0192275
4.94343e-10	-0.0198138
4.95085e-10	-0.0204044
4.95827e-10	-0.0209992
4.96568e-10	-0.0215981
4.9731e-10	-0.0222011
4.98052e-10	-0.0228082
4.98794e-10	-0.0234191
4.99535e-10	-0.024034
5.00277e-10	-0.0246527
5.01019e-10	-0.0252752
5.0176e-10	-0.0259014
5.02502e-10	-0.0265312
5.03244e-10	-0.0271646
5.03985e-10	-0.0278014
5.04727e-10	-0.0284417
5.05469e-10	-0.0290853
5.06211e-10	-0.0297323
5.06952e-10	-0.0303824
5.07694e-10	-0.0310356
5.08436e-10	-0.0316918
5.09177e-10	-0.0323511
5.09919e-10	-0.0330131
5.10661e-10	-0.033678
5.11402e-10	-0.0343456
5.12144e-10	-0.0350158
5.12886e-10	-0.0356885
5.13628e-10	-0.0363636
5.14369e-10	-0.0370411
5.15111e-10	-0.0377208
5.15853e-10	-0.0384027
5.16594e-10	-0.0390867
5.17336e-10	-0.0397726
5.18078e-10	-0.0404603
5.18819e-10	-0.0411498
5.19561e-10	-0.041841
5.20303e-10	-0.0425337
5.21045e-10	-0.0432278
5.21786e-10	-0.0439233
5.22528e-10	-0.04462
5.2327e-10	-0.0453178
5.24011e-10	-0.0460166
5.24753e-10	-0.0467163
5.25495e-10	-0.0474168
5.26236e-10	-0.0481179
5.26978e-10	-0.0488196
5.2772e-10	-0.0495217
5.28462e-10	-0.050224
5.29203e-10	-0.0509266
5.29945e-10	-0.0516292
5.30687e-10	-0.0523317
5.31428e-10	-0.0530341
5.3217e-10	-0.0537361
5.32912e-10	-0.0544376
5.33653e-10	-0.0551385
5.34395e-10	-0.0558388
5.35137e-10	-0.0565381
5.35879e-10	-0.0572365
5.3662e-10	-0.0579337
5.37362e-10	-0.0586297
5.38104e-10	-0.0593243
5.38845e-10	-0.0600173
5.39587e-10	-0.0607086
5.40329e-10	-0.0613981
5.4107e-10	-0.0620856
5.41812e-10	-0.062771
5.42554e-10	-0.0634541
5.43296e-10	-0.0641348
5.44037e-10	-0.0648129
5.44779e-10	-0.0654883
5.45521e-10	-0.0661609
5.46262e-10	-0.0668304
5.47004e-10	-0.0674967
5.47746e-10	-0.0681597
5.48487e-10	-0.0688192
5.49229e-10	-0.069475
5.49971e-10	-0.0701271
5.50713e-10	-0.0707751
5.51454e-10	-0.0714191
5.52196e-10	-0.0720587
5.52938e-10	-0.0726939
5.53679e-10	-0.0733245
5.54421e-10	-0.0739503
5.55163e-10	-0.0745711
5.55904e-10	-0.0751868
5.56646e-10	-0.0757972
5.57388e-10	-0.0764022
5.5813e-10	-0.0770016
5.58871e-10	-0.0775951
5.59613e-10	-0.0781827
5.60355e-10	-0.0787642
5.61096e-10	-0.0793393
5.61838e-10	-0.079908
5.6258e-10	-0.08047
5.63321e-10	-0.0810252
5.64063e-10	-0.0815733
5.64805e-10	-0.0821143
5.65547e-10	-0.0826479
5.66288e-10	-0.083174
5.6703e-10	-0.0836924
5.67772e-10	-0.0842028
5.68513e-10	-0.0847052
5.69255e-10	-0.0851994
5.69997e-10	-0.0856851
5.70738e-10	-0.0861622
5.7148e-10	-0.0866305
5.72222e-10	-0.0870898
5.72964e-10	-0.08754
5.73705e-10	-0.0879808
5.74447e-10	-0.0884121
5.75189e-10	-0.0888337
5.7593e-10	-0.0892454
5.76672e-10	-0.0896471
5.77414e-10	-0.0900385
5.78155e-10	-0.0904195
5.78897e-10	-0.0907898
5.79639e-10	-0.0911494
5.80381e-10	-0.091498
5.81122e-10	-0.0918354
5.81864e-10	-0.0921615
5.82606e-10	-0.0924761
5.83347e-10	-0.0927789
5.84089e-10	-0.0930699
5.84831e-10	-0.0933488
5.85572e-10	-0.0936154
5.86314e-10	-0.0938696
5.87056e-10	-0.0941112
5.87798e-10	-0.09434
5.88539e-10	-0.0945559
5.89281e-10	-0.0947586
5.90023e-10	-0.0949479
5.90764e-10	-0.0951238
5.91506e-10	-0.0952859
5.92248e-10	-0.0954342
5.92989e-10	-0.0955684
5.93731e-10	-0.0956885
5.94473e-10	-0.0957941
5.95215e-10	-0.0958852
5.95956e-10	-0.0959616
5.96698e-10	-0.096023
5.9744e-10	-0.0960694
5.98181e-10	-0.0961005
5.98923e-10	-0.0961161
5.99665e-10	-0.0961162
6.00407e-10	-0.0961006
6.01148e-10	-0.096069
6.0189e-10	-0.0960213
6.02632e-10	-0.0959574
6.03373e-10	-0.0958771
6.04115e-10	-0.0957802
6.04857e-10	-0.0956666
6.05598e-10	-0.095536
6.0634e-10	-0.0953885
6.07082e-10	-0.0952237
6.07824e-10	-0.0950416
6.08565e-10	-0.0948419
6.09307e-10	-0.0946246
6.10049e-10	-0.0943895
6.1079e-10	-0.0941365
6.11532e-10	-0.0938653
6.12274e-10	-0.0935759
6.13015e-10	-0.0932681
6.13757e-10	-0.0929418
6.14499e-10	-0.0925968
6.15241e-10	-0.092233
6.15982e-10	-0.0918503
6.16724e-10	-0.0914485
6.17466e-10	-0.0910275
6.18207e-10	-0.0905872
6.18949e-10	-0.0901275
6.19691e-10	-0.0896482
6.20432e-10	-0.0891492
6.21174e-10	-0.0886303
6.21916e-10	-0.0880916
6.22658e-10	-0.0875328
6.23399e-10	-0.0869539
6.24141e-10	-0.0863547
6.24883e-10	-0.0857351
6.25624e-10	-0.0850951
6.26366e-10	-0.0844345
6.27108e-10	-0.0837532
6.27849e-10	-0.0830512
6.28591e-10	-0.0823283
6.29333e-10	-0.0815845
6.30075e-10	-0.0808196
6.30816e-10	-0.0800337
6.31558e-10	-0.0792265
6.323e-10	-0.0783981
6.33041e-10	-0.0775483
6.33783e-10	-0.0766771
6.34525e-10	-0.0757844
6.35266e-10	-0.0748701
6.36008e-10	-0.0739343
6.3675e-10	-0.0729767
6.37492e-10	-0.0719974
6.38233e-10	-0.0709964
6.38975e-10	-0.0699735
6.39717e-10	-0.0689287
6.40458e-10	-0.0678621
6.412e-10	-0.0667734
6.41942e-10	-0.0656628
6.42683e-10	-0.0645302
6.43425e-10	-0.0633755
6.44167e-10	-0.0621987
6.44909e-10	-0.0609999
6.4565e-10	-0.0597789
6.46392e-10	-0.0585358
6.47134e-10	-0.0572706
6.47875e-10	-0.0559832
6.48617e-10	-0.0546737
6.49359e-10	-0.0533421
6.501e-10	-0.0519884
6.50842e-10	-0.0506125
6.51584e-10	-0.0492145
6.52326e-10	-0.0477945
6.53067e-10	-0.0463524
6.53809e-10	-0.0448882
6.54551e-10	-0.0434021
6.55292e-10	-0.041894
6.56034e-10	-0.040364
6.56776e-10	-0.0388121
6.57517e-10	-0.0372383
6.58259e-10	-0.0356428
6.59001e-10	-0.0340256
6.59743e-10	-0.0323867
6.60484e-10	-0.0307262
6.61226e-10	-0.0290442
6.61968e-10	-0.0273407
6.62709e-10	-0.0256159
6.63451e-10	-0.0238698
6.64193e-10	-0.0221025
6.64934e-10	-0.0203141
6.65676e-10	-0.0185047
6.66418e-10	-0.0166744
6.6716e-10	-0.0148233
6.67901e-10	-0.0129515
6.68643e-10	-0.0110591
6.69385e-10	-0.0091463
6.70126e-10	-0.00721317
6.70868e-10	-0.00525985
6.7161e-10	-0.00328647
6.72351e-10	-0.00129318
6.73093e-10	0.000719884
6.73835e-10	0.00275257
6.74577e-10	0.00480472
6.75318e-10	0.00687618
6.7606e-10	0.00896679
6.76802e-10	0.0110764
6.77543e-10	0.0132047
6.78285e-10	0.0153518
6.79027e-10	0.0175172
6.79768e-10	0.0197009
6.8051e-10	0.0219026
6.81252e-10	0.0241223
6.81994e-10	0.0263595
6.82735e-10	0.0286143
6.83477e-10	0.0308862
6.84219e-10	0.0331752
6.8496e-10	0.035481
6.85702e-10	0.0378033
6.86444e-10	0.040142
6.87185e-10	0.0424968
6.87927e-10	0.0448674
6.88669e-10	0.0472536
6.89411e-10	0.0496553
6.90152e-10	0.052072
6.90894e-10	0.0545035
6.91636e-10	0.0569496
6.92377e-10	0.05941
6.93119e-10	0.0618845
6.93861e-10	0.0643726
6.94602e-10	0.0668743
6.95344e-10	0.0693891
6.96086e-10	0.0719167
6.96828e-10	0.074457
6.97569e-10	0.0770095
6.98311e-10	0.0795739
6.99053e-10	0.08215
6.99794e-10	0.0847374
7.00536e-10	0.0873358
7.01278e-10	0.0899449
7.02019e-10	0.0925643
7.02761e-10	0.0951937
7.03503e-10	0.0978327
7.04245e-10	0.100481
7.04986e-10	0.103138
7.05728e-10	0.105804
7.0647e-10	0.108478
7.07211e-10	0.11116
7.07953e-10	0.11385
7.08695e-10	0.116546
7.09436e-10	0.11925
7.10178e-10	0.12196
7.1092e-10	0.124675
7.11662e-10	0.127396
7.12403e-10	0.130123
7.13145e-10	0.132854
7.13887e-10	0.13559
7.14628e-10	0.138329
7.1537e-10	0.141072
7.16112e-10	0.143819
7.16853e-10	0.146568
7.17595e-10	0.149319
7.18337e-10	0.152072
7.19079e-10	0.154827
7.1982e-10	0.157582
7.20562e-10	0.160338
7.21304e-10	0.163095
7.22045e-10	0.165851
7.22787e-10	0.168606
7.23529e-10	0.17136
7.2427e-10	0.174112
7.25012e-10	0.176862
7.25754e-10	0.179609
7.26496e-10	0.182354
7.27237e-10	0.185094
7.27979e-10	0.187831
7.28721e-10	0.190563
7.29462e-10	0.19329
7.30204e-10	0.196012
7.30946e-10	0.198728
7.31687e-10	0.201437
7.32429e-10	0.20414
7.33171e-10	0.206835
7.33913e-10	0.209522
7.34654e-10	0.2122
7.35396e-10	0.21487
7.36138e-10	0.21753
7.36879e-10	0.22018
7.37621e-10	0.22282
7.38363e-10	0.225449
7.39104e-10	0.228066
7.39846e-10	0.230671
7.40588e-10	0.233264
7.4133e-10	0.235843
7.42071e-10	0.23841
7.42813e-10	0.240962
7.43555e-10	0.243499
7.44296e-10	0.246021
7.45038e-10	0.248528
7.4578e-10	0.251018
7.46521e-10	0.253492
7.47263e-10	0.255948
7.48005e-10	0.258387
7.48747e-10	0.260807
7.49488e-10	0.263209
7.5023e-10	0.265591
7.50972e-10	0.267953
7.51713e-10	0.270294
7.52455e-10	0.272615
7.53197e-10	0.274914
7.53938e-10	0.277191
7.5468e-10	0.279445
7.55422e-10	0.281676
7.56164e-10	0.283883
7.56905e-10	0.286066
7.57647e-10	0.288225
7.58389e-10	0.290358
7.5913e-10	0.292465
7.59872e-10	0.294545
7.60614e-10	0.296599
7.61355e-10	0.298625
7.62097e-10	0.300623
7.62839e-10	0.302593
7.63581e-10	0.304534
7.64322e-10	0.306444
7.65064e-10	0.308325
7.65806e-10	0.310175
7.66547e-10	0.311994
7.67289e-10	0.313781
7.68031e-10	0.315536
7.68773e-10	0.317258
7.69514e-10	0.318946
7.70256e-10	0.320601
7.70998e-10	0.322221
7.71739e-10	0.323807
7.72481e-10	0.325357
7.73223e-10	0.326871
7.73964e-10	0.328348
7.74706e-10	0.329789
7.75448e-10	0.331192
7.7619e-10	0.332557
7.76931e-10	0.333884
7.77673e-10	0.335172
7.78415e-10	0.33642
7.79156e-10	0.337629
7.79898e-10	0.338797
7.8064e-10	0.339924
7.81381e-10	0.341009
7.82123e-10	0.342053
7.82865e-10	0.343054
7.83607e-10	0.344013
7.84348e-10	0.344928
7.8509e-10	0.345799
7.85832e-10	0.346626
7.86573e-10	0.347409
7.87315e-10	0.348146
7.88057e-10	0.348838
7.88798e-10	0.349484
7.8954e-10	0.350083
7.90282e-10	0.350636
7.91024e-10	0.351141
7.91765e-10	0.351598
7.92507e-10	0.352007
7.93249e-10	0.352368
7.9399e-10	0.35268
7.94732e-10	0.352942
7.95474e-10	0.353155
7.96215e-10	0.353317
7.96957e-10	0.353429
7.97699e-10	0.35349
7.98441e-10	0.3535
7.99182e-10	0.353458
7.99924e-10	0.353364
8.00666e-10	0.353218
8.01407e-10	0.353019
8.02149e-10	0.352767
8.02891e-10	0.352462
8.03632e-10	0.352103
8.04374e-10	0.35169
8.05116e-10	0.351222
8.05858e-10	0.3507
8.06599e-10	0.350123
8.07341e-10	0.349491
8.08083e-10	0.348803
8.08824e-10	0.34806
8.09566e-10	0.34726
8.10308e-10	0.346404
8.11049e-10	0.345492
8.11791e-10	0.344523
8.12533e-10	0.343497
8.13275e-10	0.342413
8.14016e-10	0.341272
8.14758e-10	0.340073
8.155e-10	0.338817
8.16241e-10	0.337502
8.16983e-10	0.336129
8.17725e-10	0.334698
8.18466e-10	0.333207
8.19208e-10	0.331659
8.1995e-10	0.330051
8.20692e-10	0.328384
8.21433e-10	0.326658
8.22175e-10	0.324872
8.22917e-10	0.323027
8.23658e-10	0.321122
8.244e-10	0.319158
8.25142e-10	0.317134
8.25883e-10	0.31505
8.26625e-10	0.312906
8.27367e-10	0.310703
8.28109e-10	0.308439
8.2885e-10	0.306115
8.29592e-10	0.303731
8.30334e-10	0.301287
8.31075e-10	0.298783
8.31817e-10	0.296219
8.32559e-10	0.293594
8.333e-10	0.29091
8.34042e-10	0.288165
8.34784e-10	0.285361
8.35526e-10	0.282496
8.36267e-10	0.279572
8.37009e-10	0.276588
8.37751e-10	0.273544
8.38492e-10	0.27044
8.39234e-10	0.267277
8.39976e-10	0.264054
8.40717e-10	0.260772
8.41459e-10	0.257431
8.42201e-10	0.25403
8.42943e-10	0.250571
8.43684e-10	0.247054
8.44426e-10	0.243477
8.45168e-10	0.239842
8.45909e-10	0.236149
8.46651e-10	0.232399
8.47393e-10	0.22859
8.48134e-10	0.224724
8.48876e-10	0.220801
8.49618e-10	0.21682
8.5036e-10	0.212783
8.51101e-10	0.20869
8.51843e-10	0.20454
8.52585e-10	0.200335
8.53326e-10	0.196074
8.54068e-10	0.191757
8.5481e-10	0.187386
8.55551e-10	0.18296
8.56293e-10	0.17848
8.57035e-10	0.173947
8.57777e-10	0.169359
8.58518e-10	0.164719
8.5926e-10	0.160026
8.60002e-10	0.155281
8.60743e-10	0.150483
8.61485e-10	0.145635
8.62227e-10	0.140735
8.62968e-10	0.135785
8.6371e-10	0.130785
8.64452e-10	0.125735
8.65194e-10	0.120636
8.65935e-10	0.115489
8.66677e-10	0.110293
8.67419e-10	0.10505
8.6816e-10	0.0997598
8.68902e-10	0.0944231
8.69644e-10	0.0890404
8.70385e-10	0.0836123
8.71127e-10	0.0781394
8.71869e-10	0.0726222
8.72611e-10	0.0670614
8.73352e-10	0.0614575
8.74094e-10	0.0558112
8.74836e-10	0.0501231
8.75577e-10	0.0443939
8.76319e-10	0.0386241
8.77061e-10	0.0328144
8.77802e-10	0.0269655
8.78544e-10	0.0210781
8.79286e-10	0.0151528
8.80028e-10	0.00919039
8.80769e-10	0.00319153
8.81511e-10	-0.00284306
8.82253e-10	-0.00891264
8.82994e-10	-0.0150165
8.83736e-10	-0.0211539
8.84478e-10	-0.027324
8.85219e-10	-0.0335262
8.85961e-10	-0.0397596
8.86703e-10	-0.0460234
8.87445e-10	-0.0523169
8.88186e-10	-0.0586393
8.88928e-10	-0.0649897
8.8967e-10	-0.0713673
8.90411e-10	-0.0777714
8.91153e-10	-0.084201
8.91895e-10	-0.0906553
8.92636e-10	-0.0971335
8.93378e-10	-0.103635
8.9412e-10	-0.110158
8.94862e-10	-0.116703
8.95603e-10	-0.123268
8.96345e-10	-0.129852
8.97087e-10	-0.136455
8.97828e-10	-0.143076
8.9857e-10	-0.149714
8.99312e-10	-0.156367
9.00053e-10	-0.163035
9.00795e-10	-0.169717
9.01537e-10	-0.176413
9.02279e-10	-0.18312
9.0302e-10	-0.189838
9.03762e-10	-0.196567
9.04504e-10	-0.203305
9.05245e-10	-0.210051
9.05987e-10	-0.216804
9.06729e-10	-0.223563
9.0747e-10	-0.230328
9.08212e-10	-0.237097
9.08954e-10	-0.243869
9.09696e-10	-0.250643
9.10437e-10	-0.257418
9.11179e-10	-0.264194
9.11921e-10	-0.270969
9.12662e-10	-0.277741
9.13404e-10	-0.284511
9.14146e-10	-0.291277
9.14887e-10	-0.298038
9.15629e-10	-0.304793
9.16371e-10	-0.31154
9.17113e-10	-0.31828
9.17854e-10	-0.32501
9.18596e-10	-0.33173
9.19338e-10	-0.338438
9.20079e-10	-0.345134
9.20821e-10	-0.351817
9.21563e-10	-0.358484
9.22304e-10	-0.365136
9.23046e-10	-0.371772
9.23788e-10	-0.378389
9.2453e-10	-0.384988
9.25271e-10	-0.391566
9.26013e-10	-0.398123
9.26755e-10	-0.404658
9.27496e-10	-0.41117
9.28238e-10	-0.417657
9.2898e-10	-0.424119
9.29721e-10	-0.430554
9.30463e-10	-0.436962
9.31205e-10	-0.44334
9.31947e-10	-0.449689
9.32688e-10	-0.456006
9.3343e-10	-0.462292
9.34172e-10	-0.468544
9.34913e-10	-0.474762
9.35655e-10	-0.480945
9.36397e-10	-0.487091
9.37138e-10	-0.493199
9.3788e-10	-0.499269
9.38622e-10	-0.505299
9.39364e-10	-0.511288
9.40105e-10	-0.517235
9.40847e-10	-0.523139
9.41589e-10	-0.528999
9.4233e-10	-0.534813
9.43072e-10	-0.540582
9.43814e-10	-0.546303
9.44556e-10	-0.551975
9.45297e-10	-0.557598
9.46039e-10	-0.56317
9.46781e-10	-0.568691
9.47522e-10	-0.574159
9.48264e-10	-0.579574
9.49006e-10	-0.584933
9.49747e-10	-0.590236
9.50489e-10	-0.595483
9.51231e-10	-0.600672
9.51973e-10	-0.605802
9.52714e-10	-0.610871
9.53456e-10	-0.61588
9.54198e-10	-0.620827
9.54939e-10	-0.62571
9.55681e-10	-0.63053
9.56423e-10	-0.635284
9.57164e-10	-0.639973
9.57906e-10	-0.644594
9.58648e-10	-0.649148
9.5939e-10	-0.653632
9.60131e-10	-0.658047
9.60873e-10	-0.662391
9.61615e-10	-0.666663
9.62356e-10	-0.670862
9.63098e-10	-0.674987
9.6384e-10	-0.679038
9.64581e-10	-0.683013
9.65323e-10	-0.686912
9.66065e-10	-0.690734
9.66807e-10	-0.694477
9.67548e-10	-0.698142
9.6829e-10	-0.701726
9.69032e-10	-0.705229
9.69773e-10	-0.708651
9.70515e-10	-0.71199
9.71257e-10	-0.715246
9.71998e-10	-0.718418
9.7274e-10	-0.721505
9.73482e-10	-0.724506
9.74224e-10	-0.727421
9.74965e-10	-0.730248
9.75707e-10	-0.732987
9.76449e-10	-0.735637
9.7719e-10	-0.738198
9.77932e-10	-0.740668
9.78674e-10	-0.743048
9.79415e-10	-0.745336
9.80157e-10	-0.747531
9.80899e-10	-0.749633
9.81641e-10	-0.751641
9.82382e-10	-0.753555
9.83124e-10	-0.755374
9.83866e-10	-0.757097
9.84607e-10	-0.758724
9.85349e-10	-0.760254
9.86091e-10	-0.761687
9.86832e-10	-0.763021
9.87574e-10	-0.764257
9.88316e-10	-0.765393
9.89058e-10	-0.76643
9.89799e-10	-0.767367
9.90541e-10	-0.768203
9.91283e-10	-0.768938
9.92024e-10	-0.769571
9.92766e-10	-0.770101
9.93508e-10	-0.77053
9.94249e-10	-0.770855
9.94991e-10	-0.771076
9.95733e-10	-0.771194
9.96475e-10	-0.771208
9.97216e-10	-0.771117
9.97958e-10	-0.770921
9.987e-10	-0.77062
9.99441e-10	-0.770213
1.00018e-09	-0.7697
1.00092e-09	-0.769081
1.00167e-09	-0.768355
1.00241e-09	-0.767523
1.00315e-09	-0.766584
1.00389e-09	-0.765537
1.00463e-09	-0.764384
1.00537e-09	-0.763122
1.00612e-09	-0.761753
1.00686e-09	-0.760276
1.0076e-09	-0.75869
1.00834e-09	-0.756997
1.00908e-09	-0.755195
1.00983e-09	-0.753285
1.01057e-09	-0.751266
1.01131e-09	-0.749139
1.01205e-09	-0.746903
1.01279e-09	-0.744559
1.01353e-09	-0.742106
1.01428e-09	-0.739545
1.01502e-09	-0.736875
1.01576e-09	-0.734096
1.0165e-09	-0.731209
1.01724e-09	-0.728214
1.01798e-09	-0.725111
1.01873e-09	-0.721899
1.01947e-09	-0.71858
1.02021e-09	-0.715152
1.02095e-09	-0.711617
1.02169e-09	-0.707975
1.02243e-09	-0.704225
1.02318e-09	-0.700369
1.02392e-09	-0.696405
1.02466e-09	-0.692335
1.0254e-09	-0.688159
1.02614e-09	-0.683877
1.02688e-09	-0.67949
1.02763e-09	-0.674997
1.02837e-09	-0.670399
1.02911e-09	-0.665697
1.02985e-09	-0.66089
1.03059e-09	-0.65598
1.03133e-09	-0.650966
1.03208e-09	-0.64585
1.03282e-09	-0.640631
1.03356e-09	-0.635311
1.0343e-09	-0.629888
1.03504e-09	-0.624365
1.03578e-09	-0.618742
1.03653e-09	-0.613019
1.03727e-09	-0.607196
1.03801e-09	-0.601275
1.03875e-09	-0.595255
1.03949e-09	-0.589139
1.04023e-09	-0.582925
1.04098e-09	-0.576615
1.04172e-09	-0.57021
1.04246e-09	-0.56371
1.0432e-09	-0.557115
1.04394e-09	-0.550428
1.04469e-09	-0.543647
1.04543e-09	-0.536775
1.04617e-09	-0.529812
1.04691e-09	-0.522758
1.04765e-09	-0.515615
1.04839e-09	-0.508383
1.04914e-09	-0.501063
1.04988e-09	-0.493656
1.05062e-09	-0.486163
1.05136e-09	-0.478585
1.0521e-09	-0.470922
1.05284e-09	-0.463176
1.05359e-09	-0.455348
1.05433e-09	-0.447438
1.05507e-09	-0.439447
1.05581e-09	-0.431376
1.05655e-09	-0.423227
1.05729e-09	-0.415001
1.05804e-09	-0.406697
1.05878e-09	-0.398319
1.05952e-09	-0.389865
1.06026e-09	-0.381339
1.061e-09	-0.372739
1.06174e-09	-0.364069
1.06249e-09	-0.355329
1.06323e-09	-0.346519
1.06397e-09	-0.337642
1.06471e-09	-0.328698
1.06545e-09	-0.319688
1.06619e-09	-0.310614
1.06694e-09	-0.301476
1.06768e-09	-0.292277
1.06842e-09	-0.283017
1.06916e-09	-0.273697
1.0699e-09	-0.264319
1.07064e-09	-0.254884
1.07139e-09	-0.245393
1.07213e-09	-0.235848
1.07287e-09	-0.226249
1.07361e-09	-0.216598
1.07435e-09	-0.206897
1.07509e-09	-0.197146
1.07584e-09	-0.187348
1.07658e-09	-0.177502
1.07732e-09	-0.167612
1.07806e-09	-0.157677
1.0788e-09	-0.1477
1.07954e-09	-0.137682
1.08029e-09	-0.127624
1.08103e-09	-0.117527
1.08177e-09	-0.107394
1.08251e-09	-0.097225
1.08325e-09	-0.0870217
1.084e-09	-0.0767858
1.08474e-09	-0.0665185
1.08548e-09	-0.0562214
1.08622e-09	-0.045896
1.08696e-09	-0.0355436
1.0877e-09	-0.0251657
1.08845e-09	-0.0147639
1.08919e-09	-0.00433956
1.08993e-09	0.00610577
1.09067e-09	0.0165706
1.09141e-09	0.0270535
1.09215e-09	0.0375528
1.0929e-09	0.0480672
1.09364e-09	0.058595
1.09438e-09	0.0691348
1.09512e-09	0.079685
1.09586e-09	0.0902442
1.0966e-09	0.100811
1.09735e-09	0.111383
1.09809e-09	0.12196
1.09883e-09	0.132539
1.09957e-09	0.143119
1.10031e-09	0.1537
1.10105e-09	0.164278
1.1018e-09	0.174853
1.10254e-09	0.185423
1.10328e-09	0.195986
1.10402e-09	0.206541
1.10476e-09	0.217086
1.1055e-09	0.22762
1.10625e-09	0.238142
1.10699e-09	0.248649
1.10773e-09	0.25914
1.10847e-09	0.269613
1.10921e-09	0.280068
1.10995e-09	0.290502
1.1107e-09	0.300913
1.11144e-09	0.311301
1.11218e-09	0.321664
1.11292e-09	0.331999
1.11366e-09	0.342307
1.1144e-09	0.352584
1.11515e-09	0.36283
1.11589e-09	0.373043
1.11663e-09	0.383221
1.11737e-09	0.393363
1.11811e-09	0.403467
1.11886e-09	0.413532
1.1196e-09	0.423557
1.12034e-09	0.433539
1.12108e-09	0.443477
1.12182e-09	0.453371
1.12256e-09	0.463217
1.12331e-09	0.473015
1.12405e-09	0.482763
1.12479e-09	0.492461
1.12553e-09	0.502105
1.12627e-09	0.511695
1.12701e-09	0.521229
1.12776e-09	0.530707
1.1285e-09	0.540125
1.12924e-09	0.549484
1.12998e-09	0.558781
1.13072e-09	0.568015
1.13146e-09	0.577185
1.13221e-09	0.586289
1.13295e-09	0.595326
1.13369e-09	0.604294
1.13443e-09	0.613192
1.13517e-09	0.622019
1.13591e-09	0.630774
1.13666e-09	0.639454
1.1374e-09	0.648059
1.13814e-09	0.656587
1.13888e-09	0.665038
1.13962e-09	0.673408
1.14036e-09	0.681699
1.14111e-09	0.689907
1.14185e-09	0.698032
1.14259e-09	0.706072
1.14333e-09	0.714027
1.14407e-09	0.721895
1.14481e-09	0.729675
1.14556e-09	0.737365
1.1463e-09	0.744964
1.14704e-09	0.752472
1.14778e-09	0.759887
1.14852e-09	0.767208
1.14926e-09	0.774433
1.15001e-09	0.781562
1.15075e-09	0.788593
1.15149e-09	0.795526
1.15223e-09	0.802359
1.15297e-09	0.809091
1.15372e-09	0.815721
1.15446e-09	0.822249
1.1552e-09	0.828672
1.15594e-09	0.834991
1.15668e-09	0.841204
1.15742e-09	0.847309
1.15817e-09	0.853307
1.15891e-09	0.859196
1.15965e-09	0.864976
1.16039e-09	0.870644
1.16113e-09	0.876202
1.16187e-09	0.881646
1.16262e-09	0.886978
1.16336e-09	0.892195
1.1641e-09	0.897297
1.16484e-09	0.902284
1.16558e-09	0.907154
1.16632e-09	0.911907
1.16707e-09	0.916541
1.16781e-09	0.921057
1.16855e-09	0.925454
1.16929e-09	0.92973
1.17003e-09	0.933885
1.17077e-09	0.937919
1.17152e-09	0.94183
1.17226e-09	0.945619
1.173e-09	0.949284
1.17374e-09	0.952826
1.17448e-09	0.956242
1.17522e-09	0.959534
1.17597e-09	0.9627
1.17671e-09	0.96574
1.17745e-09	0.968654
1.17819e-09	0.97144
1.17893e-09	0.974099
1.17967e-09	0.97663
1.18042e-09	0.979032
1.18116e-09	0.981306
1.1819e-09	0.983451
1.18264e-09	0.985466
1.18338e-09	0.987352
1.18412e-09	0.989107
1.18487e-09	0.990733
1.18561e-09	0.992227
1.18635e-09	0.993591
1.18709e-09	0.994824
1.18783e-09	0.995926
1.18857e-09	0.996896
1.18932e-09	0.997735
1.19006e-09	0.998442
1.1908e-09	0.999017
1.19154e-09	0.999461
1.19228e-09	0.999772
1.19303e-09	0.999951
1.19377e-09	0.999999
1.19451e-09	0.999914
1.19525e-09	0.999697
1.19599e-09	0.999349
1.19673e-09	0.998868
1.19748e-09	0.998255
1.19822e-09	0.997511
1.19896e-09	0.996635
1.1997e-09	0.995628
1.20044e-09	0.994489
1.20118e-09	0.993219
1.20193e-09	0.991818
1.20267e-09	0.990287
1.20341e-09	0.988625
1.20415e-09	0.986832
1.20489e-09	0.98491
1.20563e-09	0.982858
1.20638e-09	0.980677
1.20712e-09	0.978366
1.20786e-09	0.975927
1.2086e-09	0.97336
1.20934e-09	0.970666
1.21008e-09	0.967843
1.21083e-09	0.964894
1.21157e-09	0.961818
1.21231e-09	0.958617
1.21305e-09	0.95529
1.21379e-09	0.951838
1.21453e-09	0.948261
1.21528e-09	0.944561
1.21602e-09	0.940738
1.21676e-09	0.936791
1.2175e-09	0.932723
1.21824e-09	0.928534
1.21898e-09	0.924224
1.21973e-09	0.919793
1.22047e-09	0.915244
1.22121e-09	0.910576
1.22195e-09	0.90579
1.22269e-09	0.900887
1.22343e-09	0.895867
1.22418e-09	0.890733
1.22492e-09	0.885483
1.22566e-09	0.880119
1.2264e-09	0.874643
1.22714e-09	0.869054
1.22789e-09	0.863354
1.22863e-09	0.857544
1.22937e-09	0.851624
1.23011e-09	0.845595
1.23085e-09	0.839459
1.23159e-09	0.833217
1.23234e-09	0.826868
1.23308e-09	0.820415
1.23382e-09	0.813859
1.23456e-09	0.807199
1.2353e-09	0.800439
1.23604e-09	0.793577
1.23679e-09	0.786617
1.23753e-09	0.779557
1.23827e-09	0.772401
1.23901e-09	0.765149
1.23975e-09	0.757801
1.24049e-09	0.75036
1.24124e-09	0.742827
1.24198e-09	0.735201
1.24272e-09	0.727486
1.24346e-09	0.719681
1.2442e-09	0.711788
1.24494e-09	0.703809
1.24569e-09	0.695745
1.24643e-09	0.687596
1.24717e-09	0.679365
1.24791e-09	0.671052
1.24865e-09	0.662658
1.24939e-09	0.654186
1.25014e-09	0.645636
1.25088e-09	0.637009
1.25162e-09	0.628308
1.25236e-09	0.619533
1.2531e-09	0.610686
1.25384e-09	0.601767
1.25459e-09	0.592779
1.25533e-09	0.583723
1.25607e-09	0.574601
1.25681e-09	0.565413
1.25755e-09	0.55616
1.25829e-09	0.546846
1.25904e-09	0.53747
1.25978e-09	0.528035
1.26052e-09	0.518541
1.26126e-09	0.508991
1.262e-09	0.499385
1.26274e-09	0.489726
1.26349e-09	0.480014
1.26423e-09	0.470252
1.26497e-09	0.46044
1.26571e-09	0.45058
1.26645e-09	0.440674
1.2672e-09	0.430723
1.26794e-09	0.420729
1.26868e-09	0.410693
1.26942e-09	0.400616
1.27016e-09	0.390501
1.2709e-09	0.380349
1.27165e-09	0.370161
1.27239e-09	0.359938
1.27313e-09	0.349683
1.27387e-09	0.339397
1.27461e-09	0.329082
1.27535e-09	0.318739
1.2761e-09	0.308369
1.27684e-09	0.297974
1.27758e-09	0.287556
1.27832e-09	0.277116
1.27906e-09	0.266656
1.2798e-09	0.256177
1.28055e-09	0.245682
1.28129e-09	0.235171
1.28203e-09	0.224645
1.28277e-09	0.214108
1.28351e-09	0.20356
1.28425e-09	0.193002
1.285e-09	0.182437
1.28574e-09	0.171865
1.28648e-09	0.16129
1.28722e-09	0.150711
1.28796e-09	0.14013
1.2887e-09	0.12955
1.28945e-09	0.118971
1.29019e-09	0.108395
1.29093e-09	0.0978246
1.29167e-09	0.0872601
1.29241e-09	0.0767033
1.29315e-09	0.0661559
1.2939e-09	0.0556193
1.29464e-09	0.0450951
1.29538e-09	0.0345849
1.29612e-09	0.02409
1.29686e-09	0.0136121
1.2976e-09	0.0031526
1.29835e-09	-0.00728695
1.29909e-09	-0.0177051
1.29983e-09	-0.0281003
1.30057e-09	-0.0384711
1.30131e-09	-0.048816
1.30206e-09	-0.0591336
1.3028e-09	-0.0694224
1.30354e-09	-0.079681
1.30428e-09	-0.0899078
1.30502e-09	-0.100102
1.30576e-09	-0.110261
1.30651e-09	-0.120384
1.30725e-09	-0.13047
1.30799e-09	-0.140517
1.30873e-09	-0.150523
1.30947e-09	-0.160489
1.31021e-09	-0.170411
1.31096e-09	-0.180289
1.3117e-09	-0.190121
1.31244e-09	-0.199906
1.31318e-09	-0.209643
1.31392e-09	-0.21933
1.31466e-09	-0.228966
1.31541e-09	-0.23855
1.31615e-09	-0.24808
1.31689e-09	-0.257555
1.31763e-09	-0.266974
1.31837e-09	-0.276336
1.31911e-09	-0.285639
1.31986e-09	-0.294882
1.3206e-09	-0.304064
1.32134e-09	-0.313184
1.32208e-09	-0.32224
1.32282e-09	-0.331231
1.32356e-09	-0.340157
1.32431e-09	-0.349015
1.32505e-09	-0.357805
1.32579e-09	-0.366526
1.32653e-09	-0.375176
1.32727e-09	-0.383755
1.32801e-09	-0.392261
1.32876e-09	-0.400694
1.3295e-09	-0.409051
1.33024e-09	-0.417333
1.33098e-09	-0.425538
1.33172e-09	-0.433665
1.33246e-09	-0.441712
1.33321e-09	-0.449681
1.33395e-09	-0.457568
1.33469e-09	-0.465373
1.33543e-09	-0.473096
1.33617e-09	-0.480735
1.33692e-09	-0.488289
1.33766e-09	-0.495758
1.3384e-09	-0.50314
1.33914e-09	-0.510435
1.33988e-09	-0.517642
1.34062e-09	-0.52476
1.34137e-09	-0.531788
1.34211e-09	-0.538726
1.34285e-09	-0.545572
1.34359e-09	-0.552327
1.34433e-09	-0.558988
1.34507e-09	-0.565556
1.34582e-09	-0.572029
1.34656e-09	-0.578408
1.3473e-09	-0.58469
1.34804e-09	-0.590877
1.34878e-09	-0.596966
1.34952e-09	-0.602958
1.35027e-09	-0.608851
1.35101e-09	-0.614646
1.35175e-09	-0.620341
1.35249e-09	-0.625936
1.35323e-09	-0.631431
1.35397e-09	-0.636824
1.35472e-09	-0.642116
1.35546e-09	-0.647306
1.3562e-09	-0.652393
1.35694e-09	-0.657378
1.35768e-09	-0.662259
1.35842e-09	-0.667036
1.35917e-09	-0.671709
1.35991e-09	-0.676277
1.36065e-09	-0.68074
1.36139e-09	-0.685098
1.36213e-09	-0.68935
1.36287e-09	-0.693496
1.36362e-09	-0.697536
1.36436e-09	-0.701469
1.3651e-09	-0.705296
1.36584e-09	-0.709015
1.36658e-09	-0.712627
1.36732e-09	-0.716132
1.36807e-09	-0.719528
1.36881e-09	-0.722817
1.36955e-09	-0.725998
1.37029e-09	-0.729071
1.37103e-09	-0.732036
1.37177e-09	-0.734892
1.37252e-09	-0.73764
1.37326e-09	-0.740279
1.374e-09	-0.74281
1.37474e-09	-0.745232
1.37548e-09	-0.747546
1.37623e-09	-0.749751
1.37697e-09	-0.751848
1.37771e-09	-0.753836
1.37845e-09	-0.755715
1.37919e-09	-0.757486
1.37993e-09	-0.759149
1.38068e-09	-0.760704
1.38142e-09	-0.762151
1.38216e-09	-0.763489
1.3829e-09	-0.76472
1.38364e-09	-0.765844
1.38438e-09	-0.76686
1.38513e-09	-0.767769
1.38587e-09	-0.768571
1.38661e-09	-0.769267
1.38735e-09	-0.769856
1.38809e-09	-0.770338
1.38883e-09	-0.770715
1.38958e-09	-0.770987
1.39032e-09	-0.771153
1.39106e-09	-0.771215
1.3918e-09	-0.771172
1.39254e-09	-0.771024
1.39328e-09	-0.770773
1.39403e-09	-0.770419
1.39477e-09	-0.769962
1.39551e-09	-0.769402
1.39625e-09	-0.76874
1.39699e-09	-0.767977
1.39773e-09	-0.767113
1.39848e-09	-0.766148
1.39922e-09	-0.765082
1.39996e-09	-0.763918
1.4007e-09	-0.762654
1.40144e-09	-0.761292
1.40218e-09	-0.759832
1.40293e-09	-0.758274
1.40367e-09	-0.75662
1.40441e-09	-0.75487
1.40515e-09	-0.753024
1.40589e-09	-0.751083
1.40663e-09	-0.749049
1.40738e-09	-0.74692
1.40812e-09	-0.744699
1.40886e-09	-0.742385
1.4096e-09	-0.73998
1.41034e-09	-0.737484
1.41109e-09	-0.734898
1.41183e-09	-0.732222
1.41257e-09	-0.729458
1.41331e-09	-0.726606
1.41405e-09	-0.723667
1.41479e-09	-0.720642
1.41554e-09	-0.717531
1.41628e-09	-0.714335
1.41702e-09	-0.711055
1.41776e-09	-0.707693
1.4185e-09	-0.704248
1.41924e-09	-0.700721
1.41999e-09	-0.697114
1.42073e-09	-0.693428
1.42147e-09	-0.689662
1.42221e-09	-0.685819
1.42295e-09	-0.681898
1.42369e-09	-0.677901
1.42444e-09	-0.673829
1.42518e-09	-0.669683
1.42592e-09	-0.665463
1.42666e-09	-0.661171
1.4274e-09	-0.656807
1.42814e-09	-0.652372
1.42889e-09	-0.647868
1.42963e-09	-0.643296
1.43037e-09	-0.638655
1.43111e-09	-0.633948
1.43185e-09	-0.629175
1.43259e-09	-0.624337
1.43334e-09	-0.619435
1.43408e-09	-0.614471
1.43482e-09	-0.609445
1.43556e-09	-0.604358
1.4363e-09	-0.599212
1.43704e-09	-0.594007
1.43779e-09	-0.588744
1.43853e-09	-0.583424
1.43927e-09	-0.578049
1.44001e-09	-0.57262
1.44075e-09	-0.567137
1.44149e-09	-0.561601
1.44224e-09	-0.556015
1.44298e-09	-0.550377
1.44372e-09	-0.544691
1.44446e-09	-0.538957
1.4452e-09	-0.533175
1.44594e-09	-0.527348
1.44669e-09	-0.521475
1.44743e-09	-0.515559
1.44817e-09	-0.5096
1.44891e-09	-0.503599
1.44965e-09	-0.497558
1.4504e-09	-0.491477
1.45114e-09	-0.485358
1.45188e-09	-0.479201
1.45262e-09	-0.473009
1.45336e-09	-0.466781
1.4541e-09	-0.460519
1.45485e-09	-0.454225
1.45559e-09	-0.447898
1.45633e-09	-0.441541
1.45707e-09	-0.435154
1.45781e-09	-0.428739
1.45855e-09	-0.422296
1.4593e-09	-0.415827
1.46004e-09	-0.409333
1.46078e-09	-0.402814
1.46152e-09	-0.396273
1.46226e-09	-0.38971
1.463e-09	-0.383125
1.46375e-09	-0.376521
1.46449e-09	-0.369899
1.46523e-09	-0.363259
1.46597e-09	-0.356602
1.46671e-09	-0.34993
1.46745e-09	-0.343244
1.4682e-09	-0.336544
1.46894e-09	-0.329832
1.46968e-09	-0.323109
1.47042e-09	-0.316377
1.47116e-09	-0.309635
1.4719e-09	-0.302885
1.47265e-09	-0.296128
1.47339e-09	-0.289366
1.47413e-09	-0.282599
1.47487e-09	-0.275828
1.47561e-09	-0.269055
1.47635e-09	-0.26228
1.4771e-09	-0.255504
1.47784e-09	-0.248729
1.47858e-09	-0.241955
1.47932e-09	-0.235184
1.48006e-09	-0.228416
1.4808e-09	-0.221653
1.48155e-09	-0.214895
1.48229e-09	-0.208144
1.48303e-09	-0.2014
1.48377e-09	-0.194665
1.48451e-09	-0.187939
1.48526e-09	-0.181224
1.486e-09	-0.17452
1.48674e-09	-0.167828
1.48748e-09	-0.16115
1.48822e-09	-0.154486
1.48896e-09	-0.147837
1.48971e-09	-0.141204
1.49045e-09	-0.134588
1.49119e-09	-0.12799
1.49193e-09	-0.121411
1.49267e-09	-0.114852
1.49341e-09	-0.108313
1.49416e-09	-0.101796
1.4949e-09	-0.0953009
1.49564e-09	-0.0888293
1.49638e-09	-0.0823819
1.49712e-09	-0.0759594
1.49786e-09	-0.0695627
1.49861e-09	-0.0631927
1.49935e-09	-0.0568501
1.50009e-09	-0.0505358
1.50083e-09	-0.0442506
1.50157e-09	-0.0379953
1.50231e-09	-0.0317707
1.50306e-09	-0.0255775
1.5038e-09	-0.0194165
1.50454e-09	-0.0132885
1.50528e-09	-0.00719429
1.50602e-09	-0.00113452
1.50676e-09	0.00489005
1.50751e-09	0.0108787
1.50825e-09	0.0168307
1.50899e-09	0.0227453
1.50973e-09	0.0286219
1.51047e-09	0.0344598
1.51121e-09	0.0402583
1.51196e-09	0.0460167
1.5127e-09	0.0517344
1.51344e-09	0.0574108
1.51418e-09	0.0630451
1.51492e-09	0.0686369
1.51566e-09	0.0741854
1.51641e-09	0.0796902
1.51715e-09	0.0851505
1.51789e-09	0.0905658
1.51863e-09	0.0959356
1.51937e-09	0.101259
1.52012e-09	0.106536
1.52086e-09	0.111766
1.5216e-09	0.116948
1.52234e-09	0.122082
1.52308e-09	0.127167
1.52382e-09	0.132203
1.52457e-09	0.137189
1.52531e-09	0.142125
1.52605e-09	0.14701
1.52679e-09	0.151844
1.52753e-09	0.156627
1.52827e-09	0.161357
1.52902e-09	0.166035
1.52976e-09	0.170661
1.5305e-09	0.175233
1.53124e-09	0.179752
1.53198e-09	0.184216
1.53272e-09	0.188627
1.53347e-09	0.192982
1.53421e-09	0.197283
1.53495e-09	0.201529
1.53569e-09	0.205718
1.53643e-09	0.209852
1.53717e-09	0.21393
1.53792e-09	0.217951
1.53866e-09	0.221915
1.5394e-09	0.225822
1.54014e-09	0.229672
1.54088e-09	0.233464
1.54162e-09	0.237199
1.54237e-09	0.240875
1.54311e-09	0.244493
1.54385e-09	0.248053
1.54459e-09	0.251555
1.54533e-09	0.254997
1.54607e-09	0.258381
1.54682e-09	0.261705
1.54756e-09	0.26497
1.5483e-09	0.268176
1.54904e-09	0.271323
1.54978e-09	0.27441
1.55052e-09	0.277437
1.55127e-09	0.280404
1.55201e-09	0.283312
1.55275e-09	0.286159
1.55349e-09	0.288947
1.55423e-09	0.291674
1.55497e-09	0.294342
1.55572e-09	0.296949
1.55646e-09	0.299497
1.5572e-09	0.301984
1.55794e-09	0.304411
1.55868e-09	0.306778
1.55943e-09	0.309085
1.56017e-09	0.311331
1.56091e-09	0.313518
1.56165e-09	0.315645
1.56239e-09	0.317712
1.56313e-09	0.319719
1.56388e-09	0.321667
1.56462e-09	0.323554
1.56536e-09	0.325382
1.5661e-09	0.327151
1.56684e-09	0.328861
1.56758e-09	0.330511
1.56833e-09	0.332102
1.56907e-09	0.333634
1.56981e-09	0.335108
1.57055e-09	0.336523
1.57129e-09	0.337879
1.57203e-09	0.339178
1.57278e-09	0.340418
1.57352e-09	0.3416
1.57426e-09	0.342725
1.575e-09	0.343792
1.57574e-09	0.344802
1.57648e-09	0.345756
1.57723e-09	0.346652
1.57797e-09	0.347492
1.57871e-09	0.348276
1.57945e-09	0.349003
1.58019e-09	0.349675
1.58093e-09	0.350292
1.58168e-09	0.350853
1.58242e-09	0.35136
1.58316e-09	0.351812
1.5839e-09	0.35221
1.58464e-09	0.352553
1.58538e-09	0.352844
1.58613e-09	0.353081
1.58687e-09	0.353265
1.58761e-09	0.353396
1.58835e-09	0.353475
1.58909e-09	0.353503
1.58983e-09	0.353478
1.59058e-09	0.353403
1.59132e-09	0.353277
1.59206e-09	0.3531
1.5928e-09	0.352873
1.59354e-09	0.352597
1.59429e-09	0.352271
1.59503e-09	0.351897
1.59577e-09	0.351474
1.59651e-09	0.351003
1.59725e-09	0.350484
1.59799e-09	0.349919
1.59874e-09	0.349306
1.59948e-09	0.348647
1.60022e-09	0.347943
1.60096e-09	0.347192
1.6017e-09	0.346397
1.60244e-09	0.345557
1.60319e-09	0.344674
1.60393e-09	0.343746
1.60467e-09	0.342776
1.60541e-09	0.341762
1.60615e-09	0.340707
1.60689e-09	0.339609
1.60764e-09	0.338471
1.60838e-09	0.337291
1.60912e-09	0.336072
1.60986e-09	0.334812
1.6106e-09	0.333513
1.61134e-09	0.332176
1.61209e-09	0.3308
1.61283e-09	0.329386
1.61357e-09	0.327935
1.61431e-09	0.326447
1.61505e-09	0.324922
1.61579e-09	0.323362
1.61654e-09	0.321767
1.61728e-09	0.320137
1.61802e-09	0.318473
1.61876e-09	0.316775
1.6195e-09	0.315043
1.62024e-09	0.313279
1.62099e-09	0.311483
1.62173e-09	0.309656
1.62247e-09	0.307797
1.62321e-09	0.305908
1.62395e-09	0.303988
1.62469e-09	0.302039
1.62544e-09	0.300062
1.62618e-09	0.298056
1.62692e-09	0.296022
1.62766e-09	0.29396
1.6284e-09	0.291872
1.62915e-09	0.289757
1.62989e-09	0.287617
1.63063e-09	0.285452
1.63137e-09	0.283262
1.63211e-09	0.281048
1.63285e-09	0.27881
1.6336e-09	0.276549
1.63434e-09	0.274266
1.63508e-09	0.271961
1.63582e-09	0.269635
1.63656e-09	0.267287
1.6373e-09	0.26492
1.63805e-09	0.262532
1.63879e-09	0.260125
1.63953e-09	0.2577
1.64027e-09	0.255256
1.64101e-09	0.252795
1.64175e-09	0.250316
1.6425e-09	0.247821
1.64324e-09	0.24531
1.64398e-09	0.242784
1.64472e-09	0.240242
1.64546e-09	0.237686
1.6462e-09	0.235116
1.64695e-09	0.232533
1.64769e-09	0.229936
1.64843e-09	0.227328
1.64917e-09	0.224707
1.64991e-09	0.222075
1.65065e-09	0.219432
1.6514e-09	0.216779
1.65214e-09	0.214116
1.65288e-09	0.211444
1.65362e-09	0.208763
1.65436e-09	0.206074
1.6551e-09	0.203377
1.65585e-09	0.200672
1.65659e-09	0.197961
1.65733e-09	0.195244
1.65807e-09	0.19252
1.65881e-09	0.189792
1.65955e-09	0.187058
1.6603e-09	0.18432
1.66104e-09	0.181579
1.66178e-09	0.178833
1.66252e-09	0.176085
1.66326e-09	0.173334
1.664e-09	0.170582
1.66475e-09	0.167827
1.66549e-09	0.165072
1.66623e-09	0.162316
1.66697e-09	0.15956
1.66771e-09	0.156804
1.66846e-09	0.154048
1.6692e-09	0.151294
1.66994e-09	0.148541
1.67068e-09	0.145791
1.67142e-09	0.143042
1.67216e-09	0.140297
1.67291e-09	0.137555
1.67365e-09	0.134816
1.67439e-09	0.132082
1.67513e-09	0.129352
1.67587e-09	0.126627
1.67661e-09	0.123907
1.67736e-09	0.121193
1.6781e-09	0.118485
1.67884e-09	0.115784
1.67958e-09	0.113089
1.68032e-09	0.110402
1.68106e-09	0.107722
1.68181e-09	0.10505
1.68255e-09	0.102387
1.68329e-09	0.0997319
1.68403e-09	0.0970862
1.68477e-09	0.0944498
1.68551e-09	0.0918232
1.68626e-09	0.0892067
1.687e-09	0.0866006
1.68774e-09	0.0840053
1.68848e-09	0.081421
1.68922e-09	0.0788482
1.68996e-09	0.0762871
1.69071e-09	0.073738
1.69145e-09	0.0712013
1.69219e-09	0.0686772
1.69293e-09	0.0661661
1.69367e-09	0.0636683
1.69441e-09	0.0611839
1.69516e-09	0.0587134
1.6959e-09	0.056257
1.69664e-09	0.053815
1.69738e-09	0.0513876
1.69812e-09	0.0489752
1.69886e-09	0.0465779
1.69961e-09	0.044196
1.70035e-09	0.0418299
1.70109e-09	0.0394796
1.70183e-09	0.0371455
1.70257e-09	0.0348278
1.70332e-09	0.0325268
1.70406e-09	0.0302426
1.7048e-09	0.0279755
1.70554e-09	0.0257257
1.70628e-09	0.0234934
1.70702e-09	0.0212788
1.70777e-09	0.0190821
1.70851e-09	0.0169035
1.70925e-09	0.0147433
1.70999e-09	0.0126015
1.71073e-09	0.0104784
1.71147e-09	0.00837419
1.71222e-09	0.00628898
1.71296e-09	0.00422296
1.7137e-09	0.00217629
1.71444e-09	0.000149136
1.71518e-09	-0.00185836
1.71592e-09	-0.00384604
1.71667e-09	-0.00581376
1.71741e-09	-0.00776139
1.71815e-09	-0.00968879
1.71889e-09	-0.0115958
1.71963e-09	-0.0134824
1.72037e-09	-0.0153484
1.72112e-09	-0.0171936
1.72186e-09	-0.019018
1.7226e-09	-0.0208215
1.72334e-09	-0.022604
1.72408e-09	-0.0243653
1.72482e-09	-0.0261054
1.72557e-09	-0.0278242
1.72631e-09	-0.0295216
1.72705e-09	-0.0311975
1.72779e-09	-0.0328519
1.72853e-09	-0.0344847
1.72927e-09	-0.0360958
1.73002e-09	-0.0376852
1.73076e-09	-0.0392527
1.7315e-09	-0.0407985
1.73224e-09	-0.0423223
1.73298e-09	-0.0438242
1.73372e-09	-0.0453041
1.73447e-09	-0.046762
1.73521e-09	-0.0481979
1.73595e-09	-0.0496117
1.73669e-09	-0.0510034
1.73743e-09	-0.0523731
1.73817e-09	-0.0537206
1.73892e-09	-0.0550459
1.73966e-09	-0.0563492
1.7404e-09	-0.0576303
1.74114e-09	-0.0588893
1.74188e-09	-0.0601261
1.74263e-09	-0.0613408
1.74337e-09	-0.0625334
1.74411e-09	-0.063704
1.74485e-09	-0.0648524
1.74559e-09	-0.0659788
1.74633e-09	-0.0670832
1.74708e-09	-0.0681657
1.74782e-09	-0.0692261
1.74856e-09	-0.0702647
1.7493e-09	-0.0712814
1.75004e-09	-0.0722763
1.75078e-09	-0.0732495
1.75153e-09	-0.0742009
1.75227e-09	-0.0751306
1.75301e-09	-0.0760388
1.75375e-09	-0.0769254
1.75449e-09	-0.0777905
1.75523e-09	-0.0786343
1.75598e-09	-0.0794567
1.75672e-09	-0.0802579
1.75746e-09	-0.0810379
1.7582e-09	-0.0817968
1.75894e-09	-0.0825347
1.75968e-09	-0.0832517
1.76043e-09	-0.0839478
1.76117e-09	-0.0846232
1.76191e-09	-0.085278
1.76265e-09	-0.0859122
1.76339e-09	-0.086526
1.76413e-09	-0.0871195
1.76488e-09	-0.0876927
1.76562e-09	-0.0882458
1.76636e-09	-0.088779
1.7671e-09	-0.0892922
1.76784e-09	-0.0897856
1.76858e-09	-0.0902594
1.76933e-09	-0.0907136
1.77007e-09	-0.0911484
1.77081e-09	-0.091564
1.77155e-09	-0.0919604
1.77229e-09	-0.0923377
1.77303e-09	-0.0926962
1.77378e-09	-0.0930359
1.77452e-09	-0.0933569
1.77526e-09	-0.0936595
1.776e-09	-0.0939438
1.77674e-09	-0.0942098
1.77749e-09	-0.0944578
1.77823e-09	-0.0946878
1.77897e-09	-0.0949001
1.77971e-09	-0.0950948
1.78045e-09	-0.095272
1.78119e-09	-0.0954319
1.78194e-09	-0.0955746
1.78268e-09	-0.0957004
1.78342e-09	-0.0958093
1.78416e-09	-0.0959015
1.7849e-09	-0.0959771
1.78564e-09	-0.0960364
1.78639e-09	-0.0960795
1.78713e-09	-0.0961066
1.78787e-09	-0.0961178
1.78861e-09	-0.0961133
1.78935e-09	-0.0960932
1.79009e-09	-0.0960578
1.79084e-09	-0.0960072
1.79158e-09	-0.0959415
1.79232e-09	-0.095861
1.79306e-09	-0.0957657
1.7938e-09	-0.095656
1.79454e-09	-0.0955319
1.79529e-09	-0.0953937
1.79603e-09	-0.0952415
1.79677e-09	-0.0950755
1.79751e-09	-0.0948958
1.79825e-09	-0.0947026
1.79899e-09	-0.0944962
1.79974e-09	-0.0942767
1.80048e-09	-0.0940443
1.80122e-09	-0.0937991
1.80196e-09	-0.0935414
1.8027e-09	-0.0932712
1.80344e-09	-0.0929889
1.80419e-09	-0.0926946
1.80493e-09	-0.0923884
1.80567e-09	-0.0920705
1.80641e-09	-0.0917412
1.80715e-09	-0.0914006
1.80789e-09	-0.0910489
1.80864e-09	-0.0906863
1.80938e-09	-0.0903129
1.81012e-09	-0.089929
1.81086e-09	-0.0895346
1.8116e-09	-0.0891301
1.81235e-09	-0.0887156
1.81309e-09	-0.0882912
1.81383e-09	-0.0878572
1.81457e-09	-0.0874137
1.81531e-09	-0.0869609
1.81605e-09	-0.0864991
1.8168e-09	-0.0860283
1.81754e-09	-0.0855487
1.81828e-09	-0.0850606
1.81902e-09	-0.0845641
1.81976e-09	-0.0840594
1.8205e-09	-0.0835467
1.82125e-09	-0.0830262
1.82199e-09	-0.0824979
1.82273e-09	-0.0819622
1.82347e-09	-0.0814192
1.82421e-09	-0.080869
1.82495e-09	-0.0803119
1.8257e-09	-0.079748
1.82644e-09	-0.0791775
1.82718e-09	-0.0786005
1.82792e-09	-0.0780173
1.82866e-09	-0.077428
1.8294e-09	-0.0768328
1.83015e-09	-0.0762319
1.83089e-09	-0.0756253
1.83163e-09	-0.0750134
1.83237e-09	-0.0743962
1.83311e-09	-0.073774
1.83385e-09	-0.0731468
1.8346e-09	-0.0725149
1.83534e-09	-0.0718784
1.83608e-09	-0.0712376
1.83682e-09	-0.0705924
1.83756e-09	-0.0699432
1.8383e-09	-0.0692901
1.83905e-09	-0.0686332
1.83979e-09	-0.0679727
1.84053e-09	-0.0673088
1.84127e-09	-0.0666415
1.84201e-09	-0.0659711
1.84275e-09	-0.0652978
1.8435e-09	-0.0646216
1.84424e-09	-0.0639427
1.84498e-09	-0.0632613
1.84572e-09	-0.0625776
1.84646e-09	-0.0618916
1.8472e-09	-0.0612035
1.84795e-09	-0.0605134
1.84869e-09	-0.0598216
1.84943e-09	-0.0591282
1.85017e-09	-0.0584332
1.85091e-09	-0.0577369
1.85166e-09	-0.0570393
1.8524e-09	-0.0563406
1.85314e-09	-0.055641
1.85388e-09	-0.0549406
1.85462e-09	-0.0542394
1.85536e-09	-0.0535378
1.85611e-09	-0.0528357
1.85685e-09	-0.0521333
1.85759e-09	-0.0514307
1.85833e-09	-0.0507281
1.85907e-09	-0.0500256
1.85981e-09	-0.0493233
1.86056e-09	-0.0486213
1.8613e-09	-0.0479198
1.86204e-09	-0.0472188
1.86278e-09	-0.0465185
1.86352e-09	-0.0458191
1.86426e-09	-0.0451205
1.86501e-09	-0.044423
1.86575e-09	-0.0437267
1.86649e-09	-0.0430316
1.86723e-09	-0.0423378
1.86797e-09	-0.0416455
1.86871e-09	-0.0409548
1.86946e-09	-0.0402658
1.8702e-09	-0.0395786
1.87094e-09	-0.0388932
1.87168e-09	-0.0382099
1.87242e-09	-0.0375286
1.87316e-09	-0.0368495
1.87391e-09	-0.0361726
1.87465e-09	-0.0354982
1.87539e-09	-0.0348262
1.87613e-09	-0.0341567
1.87687e-09	-0.0334899
1.87761e-09	-0.0328258
1.87836e-09	-0.0321645
1.8791e-09	-0.0315061
1.87984e-09	-0.0308507
1.88058e-09	-0.0301984
1.88132e-09	-0.0295492
1.88206e-09	-0.0289032
1.88281e-09	-0.0282605
1.88355e-09	-0.0276211
1.88429e-09	-0.0269852
1.88503e-09	-0.0263529
1.88577e-09	-0.0257241
1.88652e-09	-0.0250989
1.88726e-09	-0.0244775
1.888e-09	-0.0238599
1.88874e-09	-0.0232461
1.88948e-09	-0.0226362
1.89022e-09	-0.0220304
1.89097e-09	-0.0214285
1.89171e-09	-0.0208307
1.89245e-09	-0.0202371
1.89319e-09	-0.0196477
1.89393e-09	-0.0190626
1.89467e-09	-0.0184817
1.89542e-09	-0.0179053
1.89616e-09	-0.0173332
1.8969e-09	-0.0167656
1.89764e-09	-0.0162025
1.89838e-09	-0.015644
1.89912e-09	-0.0150901
1.89987e-09	-0.0145408
1.90061e-09	-0.0139962
1.90135e-09	-0.0134563
1.90209e-09	-0.0129212
1.90283e-09	-0.0123908
1.90357e-09	-0.0118653
1.90432e-09	-0.0113447
1.90506e-09	-0.010829
1.9058e-09	-0.0103182
1.90654e-09	-0.00981233
1.90728e-09	-0.00931148
1.90802e-09	-0.00881565
1.90877e-09	-0.00832487
1.90951e-09	-0.00783915
1.91025e-09	-0.00735853
1.91099e-09	-0.00688303
1.91173e-09	-0.00641266
1.91247e-09	-0.00594745
1.91322e-09	-0.00548742
1.91396e-09	-0.00503258
1.9147e-09	-0.00458295
1.91544e-09	-0.00413855
1.91618e-09	-0.00369939
1.91692e-09	-0.00326548
1.91767e-09	-0.00283683
1.91841e-09	-0.00241346
1.91915e-09	-0.00199538
1.91989e-09	-0.00158258
1.92063e-09	-0.00117509
1.92137e-09	-0.000772898
1.92212e-09	-0.00037602
1.92286e-09	1.55445e-05
1.9236e-09	0.000401792
1.92434e-09	0.00078272
1.92508e-09	0.00115833
1.92583e-09	0.00152862
1.92657e-09	0.00189359
1.92731e-09	0.00225325
1.92805e-09	0.00260759
1.92879e-09	0.00295663
1.92953e-09	0.00330036
1.93028e-09	0.0036388
1.93102e-09	0.00397195
1.93176e-09	0.00429981
1.9325e-09	0.00462241
1.93324e-09	0.00493974
1.93398e-09	0.00525183
1.93473e-09	0.00555867
1.93547e-09	0.00586029
1.93621e-09	0.00615669
1.93695e-09	0.00644789
1.93769e-09	0.00673391
1.93843e-09	0.00701476
1.93918e-09	0.00729046
1.93992e-09	0.00756103
1.94066e-09	0.00782648
1.9414e-09	0.00808683
1.94214e-09	0.0083421
1.94288e-09	0.00859232
1.94363e-09	0.0088375
1.94437e-09	0.00907767
1.94511e-09	0.00931285
1.94585e-09	0.00954306
1.94659e-09	0.00976832
1.94733e-09	0.00998867
1.94808e-09	0.0102041
1.94882e-09	0.0104147
1.94956e-09	0.0106204
1.9503e-09	0.0108214
1.95104e-09	0.0110175
1.95178e-09	0.0112089
1.95253e-09	0.0113955
1.95327e-09	0.0115775
1.95401e-09	0.0117547
1.95475e-09	0.0119274
1.95549e-09	0.0120954
1.95623e-09	0.0122588
1.95698e-09	0.0124177
1.95772e-09	0.0125721
1.95846e-09	0.012722
1.9592e-09	0.0128674
1.95994e-09	0.0130085
1.96069e-09	0.0131451
1.96143e-09	0.0132774
1.96217e-09	0.0134054
1.96291e-09	0.0135291
1.96365e-09	0.0136486
1.96439e-09	0.0137638
1.96514e-09	0.0138749
1.96588e-09	0.0139819
1.96662e-09	0.0140848
1.96736e-09	0.0141836
1.9681e-09	0.0142783
1.96884e-09	0.0143691
1.96959e-09	0.014456
1.97033e-09	0.0145389
1.97107e-09	0.014618
1.97181e-09	0.0146933
1.97255e-09	0.0147647
1.97329e-09	0.0148324
1.97404e-09	0.0148964
1.97478e-09	0.0149567
1.97552e-09	0.0150134
1.97626e-09	0.0150665
1.977e-09	0.0151161
1.97774e-09	0.0151621
1.97849e-09	0.0152046
1.97923e-09	0.0152438
1.97997e-09	0.0152795
1.98071e-09	0.0153119
1.98145e-09	0.015341
1.98219e-09	0.0153668
1.98294e-09	0.0153894
1.98368e-09	0.0154088
1.98442e-09	0.0154251
1.98516e-09	0.0154382
1.9859e-09	0.0154483
1.98664e-09	0.0154554
1.98739e-09	0.0154595
1.98813e-09	0.0154607
1.98887e-09	0.015459
1.98961e-09	0.0154544
1.99035e-09	0.015447
1.99109e-09	0.0154368
1.99184e-09	0.015424
1.99258e-09	0.0154084
1.99332e-09	0.0153902
1.99406e-09	0.0153694
1.9948e-09	0.015346
1.99555e-09	0.0153201
1.99629e-09	0.0152917
1.99703e-09	0.0152609
1.99777e-09	0.0152277
1.99851e-09	0.0151921
1.99925e-09	0.0151542
2e-09	0.015114
2.00074e-09	0.0150716
2.00148e-09	0.015027
2.00222e-09	0.0149803
2.00296e-09	0.0149314
2.0037e-09	0.0148805
2.00445e-09	0.0148275
2.00519e-09	0.0147725
2.00593e-09	0.0147156
2.00667e-09	0.0146568
2.00741e-09	0.0145961
2.00815e-09	0.0145335
2.0089e-09	0.0144692
2.00964e-09	0.0144031
2.01038e-09	0.0143353
2.01112e-09	0.0142658
2.01186e-09	0.0141946
2.0126e-09	0.0141219
2.01335e-09	0.0140476
2.01409e-09	0.0139717
2.01483e-09	0.0138944
2.01557e-09	0.0138156
2.01631e-09	0.0137354
2.01705e-09	0.0136538
2.0178e-09	0.0135708
2.01854e-09	0.0134866
2.01928e-09	0.0134011
2.02002e-09	0.0133143
2.02076e-09	0.0132263
2.0215e-09	0.0131372
2.02225e-09	0.0130469
2.02299e-09	0.0129556
2.02373e-09	0.0128631
2.02447e-09	0.0127697
2.02521e-09	0.0126752
2.02595e-09	0.0125798
2.0267e-09	0.0124834
2.02744e-09	0.0123862
2.02818e-09	0.012288
2.02892e-09	0.0121891
2.02966e-09	0.0120893
2.0304e-09	0.0119888
2.03115e-09	0.0118876
2.03189e-09	0.0117856
2.03263e-09	0.011683
2.03337e-09	0.0115797
2.03411e-09	0.0114758
2.03486e-09	0.0113713
2.0356e-09	0.0112662
2.03634e-09	0.0111607
2.03708e-09	0.0110546
2.03782e-09	0.010948
2.03856e-09	0.0108411
2.03931e-09	0.0107337
2.04005e-09	0.0106259
2.04079e-09	0.0105177
2.04153e-09	0.0104093
2.04227e-09	0.0103005
2.04301e-09	0.0101914
2.04376e-09	0.0100821
2.0445e-09	0.00997257
2.04524e-09	0.00986283
2.04598e-09	0.00975291
2.04672e-09	0.00964284
2.04746e-09	0.00953264
2.04821e-09	0.00942233
2.04895e-09	0.00931194
2.04969e-09	0.0092015
2.05043e-09	0.00909102
2.05117e-09	0.00898053
2.05191e-09	0.00887004
2.05266e-09	0.00875959
2.0534e-09	0.0086492
2.05414e-09	0.00853887
2.05488e-09	0.00842865
2.05562e-09	0.00831854
2.05636e-09	0.00820856
2.05711e-09	0.00809875
2.05785e-09	0.0079891
2.05859e-09	0.00787966
2.05933e-09	0.00777043
2.06007e-09	0.00766143
2.06081e-09	0.00755268
2.06156e-09	0.0074442
2.0623e-09	0.00733601
2.06304e-09	0.00722812
2.06378e-09	0.00712056
2.06452e-09	0.00701333
2.06526e-09	0.00690645
2.06601e-09	0.00679995
2.06675e-09	0.00669383
2.06749e-09	0.00658811
2.06823e-09	0.00648281
2.06897e-09	0.00637794
2.06972e-09	0.00627351
2.07046e-09	0.00616955
2.0712e-09	0.00606605
2.07194e-09	0.00596305
2.07268e-09	0.00586054
2.07342e-09	0.00575855
2.07417e-09	0.00565708
2.07491e-09	0.00555615
2.07565e-09	0.00545577
2.07639e-09	0.00535595
2.07713e-09	0.00525671
2.07787e-09	0.00515805
2.07862e-09	0.00505998
2.07936e-09	0.00496252
2.0801e-09	0.00486567
2.08084e-09	0.00476945
2.08158e-09	0.00467387
2.08232e-09	0.00457893
2.08307e-09	0.00448464
2.08381e-09	0.00439101
2.08455e-09	0.00429806
2.08529e-09	0.00420579
2.08603e-09	0.0041142
2.08677e-09	0.0040233
2.08752e-09	0.00393311
2.08826e-09	0.00384363
2.089e-09	0.00375487
2.08974e-09	0.00366683
2.09048e-09	0.00357952
2.09122e-09	0.00349294
2.09197e-09	0.00340711
2.09271e-09	0.00332202
2.09345e-09	0.00323769
2.09419e-09	0.00315411
2.09493e-09	0.0030713
2.09567e-09	0.00298925
2.09642e-09	0.00290798
2.09716e-09	0.00282748
2.0979e-09	0.00274776
2.09864e-09	0.00266883
2.09938e-09	0.00259069
2.10012e-09	0.00251333
2.10087e-09	0.00243677
2.10161e-09	0.00236101
2.10235e-09	0.00228605
2.10309e-09	0.00221189
2.10383e-09	0.00213853
2.10457e-09	0.00206598
2.10532e-09	0.00199424
2.10606e-09	0.0019233
2.1068e-09	0.00185318
2.10754e-09	0.00178387
2.10828e-09	0.00171538
2.10903e-09	0.0016477
2.10977e-09	0.00158083
2.11051e-09	0.00151479
2.11125e-09	0.00144955
2.11199e-09	0.00138514
2.11273e-09	0.00132153
2.11348e-09	0.00125875
2.11422e-09	0.00119678
2.11496e-09	0.00113562
2.1157e-09	0.00107528
2.11644e-09	0.00101576
2.11718e-09	0.000957042
2.11793e-09	0.000899138
2.11867e-09	0.000842044
2.11941e-09	0.000785758
2.12015e-09	0.000730279
2.12089e-09	0.000675604
2.12163e-09	0.000621732
2.12238e-09	0.000568661
2.12312e-09	0.000516389
2.12386e-09	0.000464913
2.1246e-09	0.00041423
2.12534e-09	0.000364339
2.12608e-09	0.000315236
2.12683e-09	0.000266918
2.12757e-09	0.000219383
2.12831e-09	0.000172627
2.12905e-09	0.000126647
2.12979e-09	8.14398e-05
2.13053e-09	3.70019e-05
2.13128e-09	-6.67019e-06
2.13202e-09	-4.95803e-05
2.13276e-09	-9.17321e-05
2.1335e-09	-0.00013313
2.13424e-09	-0.000173777
2.13498e-09	-0.000213677
2.13573e-09	-0.000252836
2.13647e-09	-0.000291257
2.13721e-09	-0.000328944
2.13795e-09	-0.000365902
2.13869e-09	-0.000402136
2.13943e-09	-0.00043765
2.14018e-09	-0.000472448
2.14092e-09	-0.000506536
2.14166e-09	-0.000539918
2.1424e-09	-0.0005726
2.14314e-09	-0.000604586
2.14389e-09	-0.000635881
2.14463e-09	-0.000666491
2.14537e-09	-0.000696421
2.14611e-09	-0.000725675
2.14685e-09	-0.00075426
2.14759e-09	-0.00078218
2.14834e-09	-0.000809441
2.14908e-09	-0.000836049
2.14982e-09	-0.000862008
2.15056e-09	-0.000887326
2.1513e-09	-0.000912006
2.15204e-09	-0.000936056
2.15279e-09	-0.00095948
2.15353e-09	-0.000982284
2.15427e-09	-0.00100448
2.15501e-09	-0.00102606
2.15575e-09	-0.00104704
2.15649e-09	-0.00106742
2.15724e-09	-0.00108722
2.15798e-09	-0.00110643
2.15872e-09	-0.00112506
2.15946e-09	-0.00114312
2.1602e-09	-0.00116061
2.16094e-09	-0.00117754
2.16169e-09	-0.00119392
2.16243e-09	-0.00120975
2.16317e-09	-0.00122504
2.16391e-09	-0.00123979
2.16465e-09	-0.00125402
2.16539e-09	-0.00126772
2.16614e-09	-0.0012809
2.16688e-09	-0.00129357
2.16762e-09	-0.00130574
2.16836e-09	-0.00131741
2.1691e-09	-0.00132858
2.16984e-09	-0.00133927
2.17059e-09	-0.00134948
2.17133e-09	-0.00135922
2.17207e-09	-0.00136848
2.17281e-09	-0.00137729
2.17355e-09	-0.00138564
2.17429e-09	-0.00139354
2.17504e-09	-0.001401
2.17578e-09	-0.00140803
2.17652e-09	-0.00141462
2.17726e-09	-0.00142079
2.178e-09	-0.00142654
2.17875e-09	-0.00143187
2.17949e-09	-0.00143681
2.18023e-09	-0.00144134
2.18097e-09	-0.00144548
2.18171e-09	-0.00144923
2.18245e-09	-0.0014526
2.1832e-09	-0.00145559
2.18394e-09	-0.00145822
2.18468e-09	-0.00146048
2.18542e-09	-0.00146239
2.18616e-09	-0.00146394
2.1869e-09	-0.00146514
2.18765e-09	-0.00146601
2.18839e-09	-0.00146655
2.18913e-09	-0.00146675
2.18987e-09	-0.00146664
2.19061e-09	-0.0014662
2.19135e-09	-0.00146546
2.1921e-09	-0.00146441
2.19284e-09	-0.00146306
2.19358e-09	-0.00146142
2.19432e-09	-0.0014595
2.19506e-09	-0.00145728
2.1958e-09	-0.0014548
2.19655e-09	-0.00145204
2.19729e-09	-0.00144902
2.19803e-09	-0.00144573
2.19877e-09	-0.00144219
2.19951e-09	-0.0014384
2.20025e-09	-0.00143437
2.201e-09	-0.0014301
2.20174e-09	-0.0014256
2.20248e-09	-0.00142086
2.20322e-09	-0.00141591
2.20396e-09	-0.00141074
2.2047e-09	-0.00140535
2.20545e-09	-0.00139976
2.20619e-09	-0.00139396
2.20693e-09	-0.00138797
2.20767e-09	-0.00138178
2.20841e-09	-0.00137541
2.20915e-09	-0.00136885
2.2099e-09	-0.00136211
2.21064e-09	-0.0013552
2.21138e-09	-0.00134813
2.21212e-09	-0.00134088
2.21286e-09	-0.00133348
2.2136e-09	-0.00132593
2.21435e-09	-0.00131822
2.21509e-09	-0.00131037
2.21583e-09	-0.00130237
2.21657e-09	-0.00129424
2.21731e-09	-0.00128598
2.21806e-09	-0.00127759
2.2188e-09	-0.00126907
2.21954e-09	-0.00126044
2.22028e-09	-0.00125169
2.22102e-09	-0.00124282
2.22176e-09	-0.00123385
2.22251e-09	-0.00122478
2.22325e-09	-0.0012156
2.22399e-09	-0.00120633
2.22473e-09	-0.00119697
2.22547e-09	-0.00118752
2.22621e-09	-0.00117799
2.22696e-09	-0.00116838
2.2277e-09	-0.00115868
2.22844e-09	-0.00114892
2.22918e-09	-0.00113909
2.22992e-09	-0.00112919
2.23066e-09	-0.00111922
2.23141e-09	-0.0011092
2.23215e-09	-0.00109912
2.23289e-09	-0.00108899
2.23363e-09	-0.00107881
2.23437e-09	-0.00106859
2.23511e-09	-0.00105832
2.23586e-09	-0.00104801
2.2366e-09	-0.00103766
2.23734e-09	-0.00102729
2.23808e-09	-0.00101688
2.23882e-09	-0.00100644
2.23956e-09	-0.000995977
2.24031e-09	-0.000985493
2.24105e-09	-0.000974991
2.24179e-09	-0.000964472
2.24253e-09	-0.000953939
2.24327e-09	-0.000943395
2.24401e-09	-0.000932843
2.24476e-09	-0.000922286
2.2455e-09	-0.000911725
2.24624e-09	-0.000901163
2.24698e-09	-0.000890603
2.24772e-09	-0.000880047
2.24846e-09	-0.000869497
2.24921e-09	-0.000858956
2.24995e-09	-0.000848426
2.25069e-09	-0.000837909
2.25143e-09	-0.000827408
2.25217e-09	-0.000816924
2.25292e-09	-0.00080646
2.25366e-09	-0.000796017
2.2544e-09	-0.000785597
2.25514e-09	-0.000775204
2.25588e-09	-0.000764837
2.25662e-09	-0.0007545
2.25737e-09	-0.000744194
2.25811e-09	-0.000733921
2.25885e-09	-0.000723683
2.25959e-09	-0.000713481
2.26033e-09	-0.000703317
2.26107e-09	-0.000693193
2.26182e-09	-0.00068311
2.26256e-09	-0.00067307
2.2633e-09	-0.000663074
2.26404e-09	-0.000653123
2.26478e-09	-0.00064322
2.26552e-09	-0.000633366
2.26627e-09	-0.000623561
2.26701e-09	-0.000613808
2.26775e-09	-0.000604107
2.26849e-09	-0.00059446
2.26923e-09	-0.000584868
2.26997e-09	-0.000575332
2.27072e-09	-0.000565854
2.27146e-09	-0.000556433
2.2722e-09	-0.000547073
2.27294e-09	-0.000537772
2.27368e-09	-0.000528533
2.27442e-09	-0.000519357
2.27517e-09	-0.000510244
2.27591e-09	-0.000501195
2.27665e-09	-0.000492211
2.27739e-09	-0.000483294
2.27813e-09	-0.000474443
2.27887e-09	-0.00046566
2.27962e-09	-0.000456945
2.28036e-09	-0.000448299
2.2811e-09	-0.000439722
2.28184e-09	-0.000431216
2.28258e-09	-0.000422781
2.28332e-09	-0.000414418
2.28407e-09	-0.000406126
2.28481e-09	-0.000397908
2.28555e-09	-0.000389762
2.28629e-09	-0.00038169
2.28703e-09	-0.000373693
2.28777e-09	-0.000365769
2.28852e-09	-0.000357921
2.28926e-09	-0.000350148
2.29e-09	-0.000342451
2.29074e-09	-0.00033483
2.29148e-09	-0.000327285
2.29223e-09	-0.000319816
2.29297e-09	-0.000312425
2.29371e-09	-0.00030511
2.29445e-09	-0.000297873
2.29519e-09	-0.000290714
2.29593e-09	-0.000283631
2.29668e-09	-0.000276627
2.29742e-09	-0.000269701
2.29816e-09	-0.000262852
2.2989e-09	-0.000256082
2.29964e-09	-0.00024939
2.30038e-09	-0.000242776
2.30113e-09	-0.00023624
2.30187e-09	-0.000229783
2.30261e-09	-0.000223403
2.30335e-09	-0.000217102
2.30409e-09	-0.000210879
2.30483e-09	-0.000204734
2.30558e-09	-0.000198666
2.30632e-09	-0.000192677
2.30706e-09	-0.000186765
2.3078e-09	-0.000180931
2.30854e-09	-0.000175174
2.30928e-09	-0.000169495
2.31003e-09	-0.000163892
2.31077e-09	-0.000158366
2.31151e-09	-0.000152917
2.31225e-09	-0.000147544
2.31299e-09	-0.000142248
2.31373e-09	-0.000137027
2.31448e-09	-0.000131882
2.31522e-09	-0.000126812
2.31596e-09	-0.000121817
2.3167e-09	-0.000116897
2.31744e-09	-0.000112052
2.31818e-09	-0.00010728
2.31893e-09	-0.000102582
2.31967e-09	-9.79574e-05
2.32041e-09	-9.34058e-05
2.32115e-09	-8.89268e-05
2.32189e-09	-8.45199e-05
2.32263e-09	-8.01849e-05
2.32338e-09	-7.59213e-05
2.32412e-09	-7.17286e-05
2.32486e-09	-6.76065e-05
2.3256e-09	-6.35545e-05
2.32634e-09	-5.95722e-05
2.32709e-09	-5.56591e-05
2.32783e-09	-5.18147e-05
2.32857e-09	-4.80387e-05
2.32931e-09	-4.43304e-05
2.33005e-09	-4.06895e-05
2.33079e-09	-3.71154e-05
2.33154e-09	-3.36077e-05
2.33228e-09	-3.01658e-05
2.33302e-09	-2.67892e-05
2.33376e-09	-2.34774e-05
2.3345e-09	-2.02299e-05
2.33524e-09	-1.70462e-05
2.33599e-09	-1.39257e-05
2.33673e-09	-1.08679e-05
2.33747e-09	-7.87228e-06
2.33821e-09	-4.93824e-06
2.33895e-09	-2.06525e-06
2.33969e-09	7.47239e-07
2.34044e-09	3.49979e-06
2.34118e-09	6.19295e-06
2.34192e-09	8.82731e-06
2.34266e-09	1.14034e-05
2.3434e-09	1.39218e-05
2.34414e-09	1.63832e-05
2.34489e-09	1.8788e-05
2.34563e-09	2.11369e-05
2.34637e-09	2.34304e-05
2.34711e-09	2.56691e-05
2.34785e-09	2.78537e-05
2.34859e-09	2.99846e-05
2.34934e-09	3.20625e-05
2.35008e-09	3.4088e-05
2.35082e-09	3.60617e-05
2.35156e-09	3.79841e-05
2.3523e-09	3.98559e-05
2.35304e-09	4.16776e-05
2.35379e-09	4.34498e-05
2.35453e-09	4.51732e-05
2.35527e-09	4.68483e-05
2.35601e-09	4.84758e-05
2.35675e-09	5.00561e-05
2.35749e-09	5.159e-05
2.35824e-09	5.30779e-05
2.35898e-09	5.45206e-05
2.35972e-09	5.59185e-05
2.36046e-09	5.72723e-05
2.3612e-09	5.85826e-05
2.36195e-09	5.98499e-05
2.36269e-09	6.10749e-05
2.36343e-09	6.22581e-05
2.36417e-09	6.34002e-05
2.36491e-09	6.45016e-05
2.36565e-09	6.5563e-05
2.3664e-09	6.6585e-05
2.36714e-09	6.75681e-05
2.36788e-09	6.85129e-05
2.36862e-09	6.942e-05
2.36936e-09	7.029e-05
2.3701e-09	7.11233e-05
2.37085e-09	7.19207e-05
2.37159e-09	7.26827e-05
2.37233e-09	7.34097e-05
2.37307e-09	7.41024e-05
2.37381e-09	7.47614e-05
2.37455e-09	7.53871e-05
2.3753e-09	7.59802e-05
2.37604e-09	7.65411e-05
2.37678e-09	7.70705e-05
2.37752e-09	7.75688e-05
2.37826e-09	7.80366e-05
2.379e-09	7.84745e-05
2.37975e-09	7.88829e-05
2.38049e-09	7.92624e-05
2.38123e-09	7.96135e-05
2.38197e-09	7.99368e-05
2.38271e-09	8.02326e-05
2.38345e-09	8.05017e-05
2.3842e-09	8.07444e-05
2.38494e-09	8.09612e-05
2.38568e-09	8.11527e-05
2.38642e-09	8.13194e-05
2.38716e-09	8.14618e-05
