% time-domain voltage integration by openEMS v0.0.36-142-g32c5c6b @Tue Mar 24 01:16:23 2026
% start-coordinates: (0,0,-0.000610342) m -> [47,47,51]
% stop-coordinates: (0,0,0.000610342) m -> [47,47,53]
% t/s	voltage
0	-0
3.41182200047e-11	3.07527461274e-08
6.82364400095e-11	-5.08721242909e-08
1.02354660014e-10	-2.24580617214e-07
1.36472880019e-10	-4.97088848306e-07
1.70591100024e-10	-7.96498284217e-07
2.04709320028e-10	-9.38190169109e-07
2.38827540033e-10	-6.10001478663e-07
2.72945760038e-10	5.35397532531e-07
3.07063980043e-10	2.72722650152e-06
3.41182200047e-10	5.7608908719e-06
3.75300420052e-10	8.69832365424e-06
4.09418640057e-10	9.73240003077e-06
4.43536860061e-10	6.48516856927e-06
4.77655080066e-10	-3.09803021992e-06
5.11773300071e-10	-1.93166342797e-05
5.45891520076e-10	-3.92296115024e-05
5.8000974008e-10	-5.58920273761e-05
6.14127960085e-10	-5.92911237618e-05
6.4824618009e-10	-3.94827802666e-05
6.82364400095e-10	8.47970750328e-06
7.16482620099e-10	7.94900151959e-05
7.50600840104e-10	0.000155785928655
7.84719060109e-10	0.000209275196539
8.18837280113e-10	0.000209740115679
8.52955500118e-10	0.000137211107358
8.87073720123e-10	-5.97769394517e-06
9.21191940128e-10	-0.000189269856492
9.55310160132e-10	-0.000358682213118
9.89428380137e-10	-0.000452917825896
1.02354660014e-09	-0.000426135258749
1.05766482015e-09	-0.000268577932729
1.09178304015e-09	-1.56314326887e-05
1.12590126016e-09	0.000260284112301
1.16001948016e-09	0.000473529857118
1.19413770017e-09	0.000556124607101
1.22825592017e-09	0.000483229378005
1.26237414017e-09	0.00028247651062
1.29649236018e-09	2.30699670283e-05
1.33061058018e-09	-0.000210760699701
1.36472880019e-09	-0.000350778282154
1.39884702019e-09	-0.000367584987544
1.4329652402e-09	-0.000276805789326
1.4670834602e-09	-0.000127709252411
1.50120168021e-09	1.93119794858e-05
1.53531990021e-09	0.000116149283713
1.56943812022e-09	0.000142039934872
1.60355634022e-09	0.00010579857917
1.63767456023e-09	3.66264830518e-05
1.67179278023e-09	-3.08073758788e-05
1.70591100024e-09	-7.0176749432e-05
1.74002922024e-09	-7.12345572538e-05
1.77414744025e-09	-3.9955801185e-05
1.80826566025e-09	7.17095235814e-06
1.84238388026e-09	5.12065198564e-05
1.87650210026e-09	7.77143795858e-05
1.91062032026e-09	8.04891242296e-05
1.94473854027e-09	6.16782926954e-05
1.97885676027e-09	2.92687855108e-05
2.01297498028e-09	-6.51180425848e-06
2.04709320028e-09	-3.64768802683e-05
2.08121142029e-09	-5.46024766663e-05
2.11532964029e-09	-5.87697340961e-05
2.1494478603e-09	-5.03705523442e-05
2.1835660803e-09	-3.32212694047e-05
2.21768430031e-09	-1.22350120364e-05
2.25180252031e-09	7.80322352512e-06
2.28592074032e-09	2.31540680034e-05
2.32003896032e-09	3.16451478284e-05
2.35415718033e-09	3.2796715459e-05
2.38827540033e-09	2.76106375168e-05
2.42239362034e-09	1.81286677616e-05
2.45651184034e-09	6.85810937284e-06
2.49063006035e-09	-3.79436551157e-06
2.52474828035e-09	-1.19472892948e-05
2.55886650035e-09	-1.65114906849e-05
2.59298472036e-09	-1.72590789589e-05
2.62710294036e-09	-1.47115783875e-05
2.66122116037e-09	-9.90477201412e-06
2.69533938037e-09	-4.10435018239e-06
2.72945760038e-09	1.46949952295e-06
2.76357582038e-09	5.85391649111e-06
2.79769404039e-09	8.46596458359e-06
2.83181226039e-09	9.13461781238e-06
2.8659304804e-09	8.05678837423e-06
2.9000487004e-09	5.70216593587e-06
2.93416692041e-09	2.69109852979e-06
2.96828514041e-09	-3.34407886271e-07
3.00240336042e-09	-2.82293171949e-06
3.03652158042e-09	-4.3966854264e-06
3.07063980043e-09	-4.89651711177e-06
3.10475802043e-09	-4.38313827544e-06
3.13887624043e-09	-3.09992606162e-06
3.17299446044e-09	-1.40446854857e-06
3.20711268044e-09	3.14608882945e-07
3.24123090045e-09	1.71828691009e-06
3.27534912045e-09	2.57805197634e-06
3.30946734046e-09	2.80640097117e-06
3.34358556046e-09	2.4552382456e-06
3.37770378047e-09	1.68482614527e-06
3.41182200047e-09	7.14598854756e-07
3.44594022048e-09	-2.30609188634e-07
3.48005844048e-09	-9.66705727024e-07
3.51417666049e-09	-1.38058379662e-06
3.54829488049e-09	-1.44115261946e-06
3.5824131005e-09	-1.1920122347e-06
3.6165313205e-09	-7.30756397616e-07
3.65064954051e-09	-1.81837336299e-07
3.68476776051e-09	3.32396083991e-07
3.71888598052e-09	7.14546757763e-07
3.75300420052e-09	9.07466983335e-07
3.78712242052e-09	8.99482643035e-07
3.82124064053e-09	7.20819741673e-07
3.85535886053e-09	4.31770487808e-07
3.88947708054e-09	1.06626004026e-07
3.92359530054e-09	-1.8286502268e-07
3.95771352055e-09	-3.82072784078e-07
3.99183174055e-09	-4.62429028403e-07
4.02594996056e-09	-4.23524028292e-07
4.06006818056e-09	-2.89771691087e-07
4.09418640057e-09	-1.0189426547e-07
4.12830462057e-09	9.39805957501e-08
4.16242284058e-09	2.56475118476e-07
4.19654106058e-09	3.56841653115e-07
4.23065928059e-09	3.82910982921e-07
4.26477750059e-09	3.39583820619e-07
4.2988957206e-09	2.4486411121e-07
4.3330139406e-09	1.24713473326e-07
4.36713216061e-09	6.79343248322e-09
4.40125038061e-09	-8.55419060031e-08
4.43536860061e-09	-1.37095305774e-07
4.46948682062e-09	-1.42739295939e-07
4.50360504062e-09	-1.07282588147e-07
4.53772326063e-09	-4.29335145213e-08
4.57184148063e-09	3.3676673894e-08
4.60595970064e-09	1.05875741951e-07
4.64007792064e-09	1.59752651996e-07
4.67419614065e-09	1.86793727153e-07
