% time-domain current integration by openEMS v0.0.36-142-g32c5c6b @Tue Mar 24 01:16:23 2026
% start-coordinates: (-0.000444829,-0.000444829,-0.000610342) m -> [46,46,51]
% stop-coordinates: (0,0,-0.000610342) m -> [47,47,51]
% t/s	current
3.70850217443e-13	0
3.44890702222e-11	1.28315786815e-11
6.86072902269e-11	-4.29560359505e-10
1.02725510232e-10	-1.22197052477e-09
1.36843730236e-10	-2.15441353646e-09
1.70961950241e-10	-2.83525491973e-09
2.05080170246e-10	-2.42049713606e-09
2.39198390251e-10	1.42939937664e-10
2.73316610255e-10	6.1020837272e-09
3.0743483026e-10	1.53359653865e-08
3.41553050265e-10	2.5691402783e-08
3.75671270269e-10	3.20000701493e-08
4.09789490274e-10	2.65792454712e-08
4.43907710279e-10	1.4348182642e-09
4.78025930284e-10	-4.7307970874e-08
5.12144150288e-10	-1.14013879227e-07
5.46262370293e-10	-1.7906721439e-07
5.80380590298e-10	-2.09639949844e-07
6.14498810303e-10	-1.67592915545e-07
6.48617030307e-10	-2.53032190756e-08
6.82735250312e-10	2.1483913315e-07
7.16853470317e-10	5.0534760021e-07
7.50971690321e-10	7.52780692892e-07
7.85089910326e-10	8.38126652525e-07
8.19208130331e-10	6.57606562982e-07
8.53326350336e-10	1.72406060983e-07
8.8744457034e-10	-5.52358585537e-07
9.21562790345e-10	-1.34042215905e-06
9.5568101035e-10	-1.94104018192e-06
9.89799230355e-10	-2.10502003029e-06
1.02391745036e-09	-1.67711914401e-06
1.05803567036e-09	-6.70246379286e-07
1.09215389037e-09	7.10873052867e-07
1.12627211037e-09	2.11257338378e-06
1.16039033038e-09	3.13254986395e-06
1.19450855038e-09	3.44536329067e-06
1.22862677039e-09	2.90962543659e-06
1.26274499039e-09	1.61919865604e-06
1.2968632104e-09	-1.19330167081e-07
1.3309814304e-09	-1.87434113741e-06
1.36509965041e-09	-3.21194215758e-06
1.39921787041e-09	-3.81419431505e-06
1.43333609042e-09	-3.55812517228e-06
1.46745431042e-09	-2.53618964052e-06
1.50157253043e-09	-1.01835826172e-06
1.53569075043e-09	6.27770077699e-07
1.56980897043e-09	2.03321997105e-06
1.60392719044e-09	2.91418382403e-06
1.63804541044e-09	3.12885595122e-06
1.67216363045e-09	2.69472320724e-06
1.70628185045e-09	1.76723369805e-06
1.74040007046e-09	5.89801061324e-07
1.77451829046e-09	-5.69747840018e-07
1.80863651047e-09	-1.47987429955e-06
1.84275473047e-09	-1.98992574951e-06
1.87687295048e-09	-2.05085825655e-06
1.91099117048e-09	-1.71112446878e-06
1.94510939049e-09	-1.09248264835e-06
1.97922761049e-09	-3.54268195224e-07
2.0133458305e-09	3.44292061527e-07
2.0474640505e-09	8.75602609085e-07
2.08158227051e-09	1.16369812986e-06
2.11570049051e-09	1.1907895896e-06
2.14981871052e-09	9.91500883174e-07
2.18393693052e-09	6.38021958821e-07
2.21805515052e-09	2.20515843807e-07
2.25217337053e-09	-1.72750134197e-07
2.28629159053e-09	-4.71831299365e-07
2.32040981054e-09	-6.35511810287e-07
2.35452803054e-09	-6.5467679633e-07
2.38864625055e-09	-5.49005562789e-07
2.42276447055e-09	-3.58578603255e-07
2.45688269056e-09	-1.3303697699e-07
2.49100091056e-09	7.95728567482e-08
2.52511913057e-09	2.41800762524e-07
2.55923735057e-09	3.32087012112e-07
2.59335557058e-09	3.46089962022e-07
2.62747379058e-09	2.94405936074e-07
2.66159201059e-09	1.97847896288e-07
2.69571023059e-09	8.17509047124e-08
2.7298284506e-09	-2.95255819793e-08
2.7639466706e-09	-1.1680958778e-07
2.79806489061e-09	-1.68550940316e-07
2.83218311061e-09	-1.81431573765e-07
2.86630133061e-09	-1.59474836892e-07
2.90041955062e-09	-1.12130074115e-07
2.93453777062e-09	-5.18250473647e-08
2.96865599063e-09	8.6098523866e-09
3.00277421063e-09	5.81819179502e-08
3.03689243064e-09	8.93890543807e-08
3.07101065064e-09	9.9105506024e-08
3.10512887065e-09	8.86011193302e-08
3.13924709065e-09	6.27811260756e-08
3.17336531066e-09	2.88173556129e-08
3.20748353066e-09	-5.52182699565e-09
3.24160175067e-09	-3.3477697059e-08
3.27571997067e-09	-5.05138757489e-08
3.30983819068e-09	-5.49178480469e-08
3.34395641068e-09	-4.77622847939e-08
3.37807463069e-09	-3.22726378954e-08
3.41219285069e-09	-1.28473010008e-08
3.44631107069e-09	6.02349770062e-09
3.4804292907e-09	2.06728802965e-08
3.5145475107e-09	2.88591355257e-08
3.54866573071e-09	2.99815319238e-08
3.58278395071e-09	2.49294238586e-08
3.61690217072e-09	1.56655719508e-08
3.65102039072e-09	4.68125005426e-09
3.68513861073e-09	-5.58002843931e-09
3.71925683073e-09	-1.31794450908e-08
3.75337505074e-09	-1.69850498111e-08
3.78749327074e-09	-1.67757043812e-08
3.82161149075e-09	-1.31650441659e-08
3.85572971075e-09	-7.36509209176e-09
3.88984793076e-09	-8.62879989683e-10
3.92396615076e-09	4.90936979958e-09
3.95808437077e-09	8.86545414858e-09
3.99220259077e-09	1.04402886336e-08
4.02632081078e-09	9.63350110794e-09
4.06043903078e-09	6.93866653023e-09
4.09455725078e-09	3.17337933708e-09
4.12867547079e-09	-7.40382644082e-10
4.16279369079e-09	-3.97699562171e-09
4.1969119108e-09	-5.96574967204e-09
4.2310301308e-09	-6.4680261147e-09
4.26514835081e-09	-5.58548940433e-09
4.29926657081e-09	-3.68059138722e-09
4.33338479082e-09	-1.27501764702e-09
4.36750301082e-09	1.07945130612e-09
4.40162123083e-09	2.91728707857e-09
4.43573945083e-09	3.93622068273e-09
4.46985767084e-09	4.03772881796e-09
4.50397589084e-09	3.31926774955e-09
4.53809411085e-09	2.02678873684e-09
4.57221233085e-09	4.93563578896e-10
4.60633055086e-09	-9.4724228461e-10
4.64044877086e-09	-2.01826377833e-09
4.67456699087e-09	-2.55190424348e-09
