% time-domain voltage integration by openEMS v0.0.36-142-g32c5c6b @Fri Feb 20 23:27:42 2026
% start-coordinates: (-0.005,0,0) m -> [15,17,13]
% stop-coordinates: (-0.005,0,0.0016) m -> [15,17,17]
% t/s	voltage
0	-0
4.41742992159e-11	-2.52710060522e-06
8.83485984318e-11	2.28881681608e-07
1.32522897648e-10	1.90840688674e-06
1.76697196864e-10	3.52683014171e-06
2.20871496079e-10	3.28460527044e-06
2.65045795295e-10	9.52553037337e-07
3.09220094511e-10	-2.785711672e-06
3.53394393727e-10	-6.31362320291e-06
3.97568692943e-10	-7.68162772147e-06
4.41742992159e-10	-5.99823010816e-06
4.85917291375e-10	6.59955759374e-07
5.30091590591e-10	9.84758844425e-06
5.74265889806e-10	1.67719967976e-05
6.18440189022e-10	1.69545569406e-05
6.62614488238e-10	7.54023699301e-06
7.06788787454e-10	-9.57128031587e-06
7.5096308667e-10	-2.86518597932e-05
7.95137385886e-10	-3.80009832952e-05
8.39311685102e-10	-2.96637103929e-05
8.83485984318e-10	-2.33523223869e-06
9.27660283534e-10	3.68738765246e-05
9.71834582749e-10	6.96378410794e-05
1.01600888197e-09	7.54637458158e-05
1.06018318118e-09	4.17404926338e-05
1.1043574804e-09	-2.65591397692e-05
1.14853177961e-09	-0.000103193646282
1.19270607883e-09	-0.00014973776706
1.23688037804e-09	-0.000129050909891
1.28105467726e-09	-3.14372327921e-05
1.32522897648e-09	0.000113568003144
1.36940327569e-09	0.000241667865339
1.41357757491e-09	0.000278460269328
1.45775187412e-09	0.000176879733772
1.50192617334e-09	-4.78877282148e-05
1.54610047256e-09	-0.000311529249302
1.59027477177e-09	-0.000482801617181
1.63444907099e-09	-0.000445318095444
1.6786233702e-09	-0.000163029024407
1.72279766942e-09	0.000277563311101
1.76697196864e-09	0.000684412370902
1.81114626785e-09	0.000835510538309
1.85532056707e-09	0.000588851049542
1.89949486628e-09	-2.12714876398e-05
1.9436691655e-09	-0.000760692215408
1.98784346471e-09	-0.00127473968314
2.03201776393e-09	-0.00124721290194
2.07619206315e-09	-0.000575483150897
2.12036636236e-09	0.000529104843736
2.16454066158e-09	0.00158822824596
2.20871496079e-09	0.00205030379584
2.25288926001e-09	0.0015637173783
2.29706355923e-09	0.000198609857762
2.34123785844e-09	-0.00151194349746
2.38541215766e-09	-0.00276360101998
2.42958645687e-09	-0.00284585222835
2.47376075609e-09	-0.00152317722677
2.51793505531e-09	0.000766067125369
2.56210935452e-09	0.00302633101819
2.60628365374e-09	0.00412467506249
2.65045795295e-09	0.00334606558317
2.69463225217e-09	0.000815579682239
2.73880655138e-09	-0.00244912510971
2.7829808506e-09	-0.00493001705036
2.82715514982e-09	-0.00530774437357
2.87132944903e-09	-0.00314664083999
2.91550374825e-09	0.0007827738591
2.95967804746e-09	0.00475137191825
3.00385234668e-09	0.00682705093641
3.0480266459e-09	0.00581297196914
3.09220094511e-09	0.00191130972235
3.13637524433e-09	-0.0032441195799
3.18054954354e-09	-0.00726741109975
3.22472384276e-09	-0.00812926026992
3.26889814198e-09	-0.00518039800227
3.31307244119e-09	0.000428317754995
3.35724674041e-09	0.00618271576241
3.40142103962e-09	0.0093416350428
3.44559533884e-09	0.00825523096137
3.48976963805e-09	0.0032261297456
3.53394393727e-09	-0.00353823858313
3.57811823649e-09	-0.00890439236537
3.6222925357e-09	-0.0102834280115
3.66646683492e-09	-0.00689648743719
3.71064113413e-09	-0.000207125456654
3.75481543335e-09	0.00671703135595
3.79898973257e-09	0.0106323473155
3.84316403178e-09	0.00966280396096
3.887338331e-09	0.00421337841544
3.93151263021e-09	-0.00319964089431
3.97568692943e-09	-0.00912864156999
4.01986122865e-09	-0.0108239997644
4.06403552786e-09	-0.00753099145368
4.10820982708e-09	-0.00083093396097
4.15238412629e-09	0.00612834317144
4.19655842551e-09	0.0101340131368
4.24073272472e-09	0.00941473385319
4.28490702394e-09	0.0044341791654
4.32908132316e-09	-0.00238779821666
4.37325562237e-09	-0.00786455138586
4.41742992159e-09	-0.00955117819831
4.4616042208e-09	-0.00684859848116
4.50577852002e-09	-0.00119822970009
4.54995281924e-09	0.00468192179687
4.59412711845e-09	0.00811746926047
4.63830141767e-09	0.00770502269734
4.68247571688e-09	0.00387932622107
4.7266500161e-09	-0.00140489765909
4.77082431532e-09	-0.00567047670484
4.81499861453e-09	-0.00708596396726
4.85917291375e-09	-0.00524894648697
4.90334721296e-09	-0.00125361519167
4.94752151218e-09	0.00293188629439
4.99169581139e-09	0.0054330896819
5.03587011061e-09	0.00530602224171
5.08004440983e-09	0.00287200621096
5.12421870904e-09	-0.000554469792405
5.16839300826e-09	-0.00335911073489
5.21256730747e-09	-0.00438262009993
5.25674160669e-09	-0.00338621600531
5.30091590591e-09	-0.00105031594285
5.34509020512e-09	0.00143935764208
5.38926450434e-09	0.0029810484848
5.43343880355e-09	0.00303343473934
5.47761310277e-09	0.00177999198786
5.52178740199e-09	-5.17010303156e-05
5.5659617012e-09	-0.00158728973474
5.61013600042e-09	-0.0022109792335
5.65431029963e-09	-0.00179664723692
5.69848459885e-09	-0.000687755848048
5.74265889806e-09	0.000527100855834
5.78683319728e-09	0.00131063879235
5.8310074965e-09	0.00140246254159
5.87518179571e-09	0.000885383706191
5.91935609493e-09	8.97282989172e-05
5.96353039414e-09	-0.000594118217123
6.00770469336e-09	-0.000895923367352
6.05187899258e-09	-0.000760335868108
6.09605329179e-09	-0.000330565511831
6.14022759101e-09	0.000152050819452
6.18440189022e-09	0.000471221472253
6.22857618944e-09	0.000524408140336
6.27275048866e-09	0.000344059721101
6.31692478787e-09	5.59590916964e-05
6.36109908709e-09	-0.000194364482013
6.4052733863e-09	-0.000308367067191
6.44944768552e-09	-0.000266903174634
6.49362198473e-09	-0.000121256329294
6.53779628395e-09	4.416851516e-05
6.58197058317e-09	0.000155134497618
6.62614488238e-09	0.000177001544216
6.6703191816e-09	0.000120415317724
6.71449348081e-09	2.64484519903e-05
6.75866778003e-09	-5.7729488617e-05
6.80284207925e-09	-9.99695494102e-05
6.84701637846e-09	-9.29862217163e-05
6.89119067768e-09	-5.11572634423e-05
6.93536497689e-09	6.49007972697e-07
6.97953927611e-09	3.9859669414e-05
7.02371357533e-09	5.47658910364e-05
7.06788787454e-09	4.61586805613e-05
7.11206217376e-09	2.36679006775e-05
7.15623647297e-09	-6.68717291319e-07
7.20041077219e-09	-1.77664874172e-05
7.2445850714e-09	-2.41020543399e-05
7.28875937062e-09	-2.12059112528e-05
7.33293366984e-09	-1.33502453536e-05
7.37710796905e-09	-4.87849263209e-06
7.42128226827e-09	1.54753371362e-06
7.46545656748e-09	5.25095992998e-06
7.5096308667e-09	6.93280253472e-06
7.55380516592e-09	7.53543235987e-06
7.59797946513e-09	7.56529937007e-06
7.64215376435e-09	6.89597197834e-06
7.68632806356e-09	5.13715338002e-06
7.73050236278e-09	2.06633336575e-06
7.774676662e-09	-1.92041187574e-06
7.81885096121e-09	-6.27812573839e-06
7.86302526043e-09	-1.01698419712e-05
7.90719955964e-09	-1.08662591174e-05
7.95137385886e-09	-8.58018643157e-06
7.99554815807e-09	-4.06097319683e-06
8.03972245729e-09	1.11738955866e-06
8.08389675651e-09	5.45030525245e-06
8.12807105572e-09	7.86615737525e-06
8.17224535494e-09	7.96550011728e-06
8.21641965415e-09	5.78949823193e-06
8.26059395337e-09	1.62693604011e-06
8.30476825259e-09	-3.20621899164e-06
8.3489425518e-09	-7.41174449104e-06
8.39311685102e-09	-1.01627472304e-05
8.43729115023e-09	-1.08923636617e-05
8.48146544945e-09	-9.47614694269e-06
8.52563974867e-09	-6.21472315743e-06
8.56981404788e-09	-2.22117336079e-06
8.6139883471e-09	1.75501293143e-06
8.65816264631e-09	4.66143876565e-06
8.70233694553e-09	5.40395046755e-06
8.74651124474e-09	3.96334780817e-06
8.79068554396e-09	7.50548906581e-07
8.83485984318e-09	-3.31928515607e-06
8.87903414239e-09	-7.14887255526e-06
8.92320844161e-09	-9.76687761067e-06
8.96738274082e-09	-1.0574894759e-05
9.01155704004e-09	-9.84424400485e-06
9.05573133926e-09	-7.54728921493e-06
9.09990563847e-09	-4.14009673477e-06
9.14407993769e-09	-5.71123635495e-07
9.1882542369e-09	2.105954934e-06
9.23242853612e-09	3.18213835726e-06
9.27660283534e-09	2.40184721179e-06
9.32077713455e-09	2.17580392814e-07
9.36495143377e-09	-3.0430676361e-06
9.40912573298e-09	-6.49386629448e-06
9.4533000322e-09	-9.1746187536e-06
9.49747433141e-09	-1.02781498299e-05
9.54164863063e-09	-9.78343905444e-06
9.58582292985e-09	-8.01147166385e-06
9.62999722906e-09	-5.29624071532e-06
9.67417152828e-09	-2.33142668549e-06
9.71834582749e-09	8.72207550628e-08
9.76252012671e-09	1.42482704746e-06
9.80669442593e-09	1.30479358518e-06
9.85086872514e-09	-3.02493106119e-07
9.89504302436e-09	-2.89845650059e-06
9.93921732357e-09	-5.87801798702e-06
9.98339162279e-09	-8.32959790387e-06
