% time-domain current integration by openEMS v0.0.36-142-g32c5c6b @Fri Feb 20 18:33:08 2026
% start-coordinates: (-0.0129071,-0.00596511,0.0004) m -> [14,16,14]
% stop-coordinates: (-0.0075,0,0.0004) m -> [15,17,14]
% t/s	current
6.01324049e-13	0
4.2694007479e-11	8.05065951681e-08
8.47866909091e-11	-3.10362295863e-08
1.26879374339e-10	-2.14571898027e-07
1.68972057769e-10	-3.70955149265e-07
2.11064741199e-10	-4.15041654378e-07
2.53157424629e-10	-2.33610052192e-07
2.95250108059e-10	2.01846802383e-07
3.37342791489e-10	8.08876166047e-07
3.79435474919e-10	1.27740634071e-06
4.21528158349e-10	1.30992543745e-06
4.63620841779e-10	6.61658646095e-07
5.05713525209e-10	-7.5032227187e-07
5.47806208639e-10	-2.49735307989e-06
5.89898892069e-10	-3.83689439332e-06
6.31991575499e-10	-3.79673019779e-06
6.74084258929e-10	-1.6772107756e-06
7.16176942359e-10	2.41294833359e-06
7.58269625789e-10	7.22521917851e-06
8.00362309219e-10	1.05620601971e-05
8.4245499265e-10	9.93172034214e-06
8.8454767608e-10	3.85450675822e-06
9.2664035951e-10	-6.92280491421e-06
9.6873304294e-10	-1.88666053873e-05
1.01082572637e-09	-2.62901485257e-05
1.0529184098e-09	-2.34878007177e-05
1.09501109323e-09	-7.80809386924e-06
1.13710377666e-09	1.79083926923e-05
1.17919646009e-09	4.45865225629e-05
1.22128914352e-09	5.92722644797e-05
1.26338182695e-09	5.03026349179e-05
1.30547451038e-09	1.38129707921e-05
1.34756719381e-09	-4.16765760747e-05
1.38965987724e-09	-9.54675633693e-05
1.43175256067e-09	-0.000121002449305
1.4738452441e-09	-9.72338893916e-05
1.51593792753e-09	-2.07575831155e-05
1.55803061096e-09	8.74152829056e-05
1.60012329439e-09	0.000185100361705
1.64221597782e-09	0.000223661132623
1.68430866125e-09	0.000169717764948
1.72640134468e-09	2.50788016274e-05
1.76849402811e-09	-0.00016541176592
1.81058671154e-09	-0.000325065222569
1.85267939497e-09	-0.00037424423499
1.8947720784e-09	-0.000267139548669
1.93686476183e-09	-2.02852479561e-05
1.97895744526e-09	0.000282744440483
2.02105012869e-09	0.000517112901434
2.06314281212e-09	0.000566704780795
2.10523549555e-09	0.000378776196158
2.14732817898e-09	-1.64793891599e-06
2.18942086241e-09	-0.000436900765635
2.23151354584e-09	-0.000745281693526
2.27360622927e-09	-0.000776490778662
2.3156989127e-09	-0.000482931965962
2.35779159613e-09	4.65958000859e-05
2.39988427956e-09	0.000610915070865
2.44197696299e-09	0.000973402929958
2.48406964642e-09	0.000962500984315
2.52616232985e-09	0.000552496290766
2.56825501328e-09	-0.000113585032523
2.61034769671e-09	-0.000773770385422
2.65244038014e-09	-0.00115272332914
2.69453306357e-09	-0.00107940309681
2.736625747e-09	-0.00056548777502
2.77871843043e-09	0.000192115316167
2.82081111386e-09	0.000888839247636
2.86290379729e-09	0.0012387536699
2.90499648072e-09	0.0010956133483
2.94708916415e-09	0.000515924068168
2.98918184758e-09	-0.000263992202235
3.03127453101e-09	-0.000927377026528
3.07336721444e-09	-0.00120977009647
3.11545989787e-09	-0.00100776995532
3.1575525813e-09	-0.000417824136093
3.19964526473e-09	0.000309937517159
3.24173794816e-09	0.00088036141824
3.28383063159e-09	0.00107615534216
3.32592331502e-09	0.000842439359985
3.36801599845e-09	0.000299491395708
3.41010868188e-09	-0.000317494093906
3.45220136531e-09	-0.000761709990911
3.49429404874e-09	-0.000874995137565
3.53638673217e-09	-0.000643699779175
3.5784794156e-09	-0.00019092738512
3.62057209903e-09	0.00028592927265
3.66266478246e-09	0.000601242645644
3.70475746589e-09	0.000653243507259
3.74685014932e-09	0.000454269058537
3.78894283275e-09	0.000111860557809
3.83103551618e-09	-0.000225601776037
3.87312819961e-09	-0.000432152475696
3.91522088304e-09	-0.000449815182947
3.95731356647e-09	-0.000300816551317
3.9994062499e-09	-6.65945990477e-05
4.04149893333e-09	0.000152895197971
4.08359161676e-09	0.000280233798549
4.12568430019e-09	0.000285811256617
4.16777698362e-09	0.000190192920854
4.20986966705e-09	4.68868056487e-05
4.25196235048e-09	-8.40310385684e-05
4.29405503391e-09	-0.000159422357683
4.33614771734e-09	-0.000165266974363
4.37824040077e-09	-0.00011526747403
4.4203330842e-09	-3.94506168959e-05
4.46242576763e-09	3.05769972329e-05
4.50451845106e-09	7.33159322408e-05
4.54661113449e-09	8.23360314826e-05
4.58870381792e-09	6.43733219476e-05
4.63079650135e-09	3.31172705046e-05
4.67288918478e-09	2.28183807849e-06
4.71498186821e-09	-1.92076913663e-05
4.75707455164e-09	-2.86926442641e-05
4.79916723507e-09	-2.8386421036e-05
4.8412599185e-09	-2.2617439754e-05
4.88335260193e-09	-1.52734846779e-05
4.92544528536e-09	-8.45407794259e-06
4.96753796879e-09	-2.50988068728e-06
5.00963065222e-09	3.05025969283e-06
5.05172333565e-09	8.50086144055e-06
5.09381601908e-09	1.33405865199e-05
5.13590870251e-09	1.6362311726e-05
5.17800138594e-09	1.6277670511e-05
5.22009406937e-09	1.24398393382e-05
5.2621867528e-09	5.32406102138e-06
5.30427943623e-09	-3.4731328924e-06
5.34637211966e-09	-1.16789233289e-05
5.38846480309e-09	-1.70651601366e-05
5.43055748652e-09	-1.81438117579e-05
5.47265016995e-09	-1.46168213178e-05
5.51474285338e-09	-7.44381395634e-06
5.55683553681e-09	1.45231206261e-06
5.59892822024e-09	9.76031151367e-06
5.64102090367e-09	1.53903019964e-05
5.6831135871e-09	1.70209386852e-05
5.72520627053e-09	1.43899515024e-05
5.76729895396e-09	8.30653243611e-06
5.80939163739e-09	4.23520759796e-07
5.85148432082e-09	-7.22352524463e-06
5.89357700425e-09	-1.28060028146e-05
5.93566968768e-09	-1.50479754666e-05
5.97776237111e-09	-1.3537201994e-05
6.01985505454e-09	-8.77860293258e-06
6.06194773797e-09	-2.05226206162e-06
6.1040404214e-09	4.94630694448e-06
6.14613310483e-09	1.05154158518e-05
6.18822578826e-09	1.33436560645e-05
6.23031847169e-09	1.28501715153e-05
6.27241115512e-09	9.27956443775e-06
6.31450383855e-09	3.60970898328e-06
6.35659652198e-09	-2.7036303436e-06
6.39868920541e-09	-8.10992605693e-06
6.44078188884e-09	-1.1333171642e-05
6.48287457227e-09	-1.16705305118e-05
6.5249672557e-09	-9.14750853553e-06
6.56705993913e-09	-4.48576838608e-06
6.60915262256e-09	1.10870496428e-06
6.65124530599e-09	6.24180029263e-06
6.69333798942e-09	9.6871790447e-06
6.73543067285e-09	1.0672195458e-05
6.77752335628e-09	9.04395528778e-06
6.81961603971e-09	5.29837052454e-06
6.86170872314e-09	4.26611222792e-07
6.90380140657e-09	-4.35459696746e-06
6.94589409e-09	-7.89352543507e-06
6.98798677343e-09	-9.3746375569e-06
7.03007945686e-09	-8.5083884187e-06
7.07217214029e-09	-5.60007720196e-06
7.11426482372e-09	-1.43050874613e-06
7.15635750715e-09	2.94554592983e-06
7.19845019058e-09	6.45620093565e-06
7.24054287401e-09	8.28241991258e-06
7.28263555744e-09	8.04605042504e-06
7.32472824087e-09	5.88043803873e-06
7.3668209243e-09	2.38131769947e-06
7.40891360773e-09	-1.55669113155e-06
7.45100629116e-09	-4.95861331729e-06
7.49309897459e-09	-7.01935141478e-06
7.53519165802e-09	-7.29243265596e-06
7.57728434145e-09	-5.77407809033e-06
7.61937702488e-09	-2.90296225103e-06
7.66146970831e-09	5.75882040721e-07
7.70356239174e-09	3.79793391403e-06
7.74565507517e-09	5.98899941906e-06
7.7877477586e-09	6.65876314088e-06
7.82984044203e-09	5.69674693907e-06
7.87193312546e-09	3.3999315292e-06
7.91402580889e-09	3.74303908757e-07
7.95611849232e-09	-2.61981540461e-06
7.99821117575e-09	-4.85518239657e-06
8.04030385918e-09	-5.82465145271e-06
8.08239654261e-09	-5.33726324647e-06
8.12448922604e-09	-3.56097461918e-06
8.16658190947e-09	-9.77175204753e-07
8.2086745929e-09	1.75644390765e-06
8.25076727633e-09	3.96950463255e-06
8.29285995976e-09	5.1487845667e-06
8.33495264319e-09	5.04578065375e-06
8.37704532662e-09	3.73154443878e-06
8.41913801005e-09	1.5714890651e-06
8.46123069348e-09	-8.82114363776e-07
8.50332337691e-09	-3.02158287013e-06
8.54541606034e-09	-4.3393984015e-06
8.58750874377e-09	-4.54686414741e-06
8.6296014272e-09	-3.63696267414e-06
8.67169411063e-09	-1.86960915016e-06
8.71378679406e-09	2.94449364446e-07
8.75587947749e-09	2.31526882999e-06
8.79797216092e-09	3.70930069948e-06
8.84006484435e-09	4.15965814682e-06
8.88215752778e-09	3.59219984603e-06
8.92425021121e-09	2.18495006266e-06
8.96634289464e-09	3.08533799398e-07
9.00843557807e-09	-1.564681952e-06
9.0505282615e-09	-2.98186569125e-06
9.09262094493e-09	-3.61422098649e-06
9.13471362836e-09	-3.33804882757e-06
9.17680631179e-09	-2.25537360166e-06
9.21889899522e-09	-6.57347527522e-07
9.26099167865e-09	1.04870287032e-06
9.30308436208e-09	2.44593275056e-06
9.34517704551e-09	3.2065402138e-06
