% time-domain voltage integration by openEMS v0.0.36-142-g32c5c6b @Fri Feb 20 18:33:08 2026
% start-coordinates: (-0.0075,0,0) m -> [15,17,13]
% stop-coordinates: (-0.0075,0,0.0016) m -> [15,17,17]
% t/s	voltage
0	-0
4.209268343e-11	7.47039365478e-07
8.41853668601e-11	-2.2541164526e-06
1.2627805029e-10	-3.33391295726e-06
1.6837073372e-10	-3.31002996745e-06
2.1046341715e-10	-1.19143194866e-06
2.5255610058e-10	2.65050272219e-06
2.9464878401e-10	7.08836796548e-06
3.3674146744e-10	9.48366619014e-06
3.7883415087e-10	8.04063847681e-06
4.209268343e-10	2.15788969626e-06
4.6301951773e-10	-9.1458919087e-06
5.0511220116e-10	-2.14965666601e-05
5.4720488459e-10	-2.88195969915e-05
5.8929756802e-10	-2.45464202635e-05
6.3139025145e-10	-4.57079715943e-06
6.7348293488e-10	2.75471711575e-05
7.1557561831e-10	6.0236673562e-05
7.5766830174e-10	7.66341036069e-05
7.9976098517e-10	6.02538420935e-05
8.41853668601e-10	4.80940695979e-06
8.83946352031e-10	-7.73505635152e-05
9.26039035461e-10	-0.000155085042934
9.68131718891e-10	-0.000185907105333
1.01022440232e-09	-0.000134627473017
1.05231708575e-09	4.15603608417e-06
1.09440976918e-09	0.000193971685803
1.13650245261e-09	0.000358508557838
1.17859513604e-09	0.000405346814659
1.22068781947e-09	0.000269272110017
1.2627805029e-09	-4.43276021542e-05
1.30487318633e-09	-0.000438883384049
1.34696586976e-09	-0.000748059013858
1.38905855319e-09	-0.000795168642071
1.43115123662e-09	-0.000478892347019
1.47324392005e-09	0.000153086220962
1.51533660348e-09	0.000886927096872
1.55742928691e-09	0.00140216565342
1.59952197034e-09	0.00139994933852
1.64161465377e-09	0.000754222026444
1.6837073372e-09	-0.000386488914955
1.72580002063e-09	-0.00160516545293
1.76789270406e-09	-0.00235813163454
1.80998538749e-09	-0.00220558972796
1.85207807092e-09	-0.00104051080416
1.89417075435e-09	0.000796243199147
1.93626343778e-09	0.00259520823602
1.97835612121e-09	0.00354503944982
2.02044880464e-09	0.00309178081807
2.06254148807e-09	0.00123484610231
2.1046341715e-09	-0.00139526237035
2.14672685493e-09	-0.003739375039
2.18881953836e-09	-0.00474097917322
2.23091222179e-09	-0.0038252932718
2.27300490522e-09	-0.00120962105575
2.31509758865e-09	0.00211837037932
2.35719027208e-09	0.00477995409165
2.39928295551e-09	0.00559271860402
2.44137563894e-09	0.0041108870646
2.48346832237e-09	0.000867450333317
2.5255610058e-09	-0.00281618058216
2.56765368923e-09	-0.00538522948045
2.60974637266e-09	-0.00573554844595
2.65183905609e-09	-0.00371235504281
2.69393173952e-09	-0.000191078201169
2.73602442295e-09	0.00330615823623
2.77811710638e-09	0.00528985750861
2.82020978981e-09	0.00496601872146
2.86230247324e-09	0.00257706170669
2.90439515667e-09	-0.000733657623641
2.9464878401e-09	-0.00346554652788
2.98858052353e-09	-0.00445358944125
3.03067320696e-09	-0.00338447577087
3.07276589039e-09	-0.000899626829778
3.11485857382e-09	0.00174803606933
3.15695125725e-09	0.00330919126282
3.19904394068e-09	0.00312325870618
3.24113662411e-09	0.00139920794754
3.28322930754e-09	-0.000927041808609
3.32532199097e-09	-0.0026735450374
3.3674146744e-09	-0.00298841542099
3.40950735783e-09	-0.0017450232408
3.45160004126e-09	0.000423829333158
3.49369272469e-09	0.00245216180338
3.53578540812e-09	0.00335694255773
3.57787809155e-09	0.00269583420595
3.61997077498e-09	0.000756394743803
3.66206345841e-09	-0.0015962322941
3.70415614184e-09	-0.00332554394845
3.74624882527e-09	-0.00368745462038
3.7883415087e-09	-0.00254142540507
3.83043419213e-09	-0.000382869533496
3.87252687556e-09	0.00189798045903
3.91461955899e-09	0.00340535282157
3.95671224242e-09	0.00359973905142
3.99880492585e-09	0.00248395022936
4.04089760928e-09	0.000554896847461
4.08299029271e-09	-0.00143369165016
4.12508297614e-09	-0.00278049672488
4.16717565957e-09	-0.00308838818455
4.209268343e-09	-0.00236853829119
4.25136102643e-09	-0.000979995907983
4.29345370986e-09	0.000546787938219
4.33554639329e-09	0.0017171491636
4.37763907672e-09	0.00222976371879
4.41973176015e-09	0.00203762867022
4.46182444358e-09	0.00131251596031
4.50391712701e-09	0.000346299792
4.54600981044e-09	-0.000561604960239
4.58810249387e-09	-0.00119082981837
4.6301951773e-09	-0.00143922941061
4.67228786073e-09	-0.00131784297992
4.71438054416e-09	-0.000917643934372
4.75647322759e-09	-0.00036814113264
4.79856591102e-09	0.000197644028958
4.84065859445e-09	0.00066611742659
4.88275127788e-09	0.000955925585004
4.92484396131e-09	0.00102412534761
4.96693664474e-09	0.000869481897098
5.00902932817e-09	0.00053217165987
5.0511220116e-09	8.84794681042e-05
5.09321469503e-09	-0.000362602906534
5.13530737846e-09	-0.000719275267329
5.17740006189e-09	-0.000900121231098
5.21949274532e-09	-0.000864487301442
5.26158542875e-09	-0.000623643718427
5.30367811218e-09	-0.000238760625507
5.34577079561e-09	0.000194051459403
5.38786347904e-09	0.000568183430005
5.42995616247e-09	0.00079351819295
5.4720488459e-09	0.000818871791125
5.51414152933e-09	0.000643799838144
5.55623421276e-09	0.000317546066071
5.59832689619e-09	-7.50682775106e-05
5.64041957962e-09	-0.000435782021668
5.68251226305e-09	-0.000677576827002
5.72460494648e-09	-0.00074574718019
5.76669762991e-09	-0.000630203488981
5.80879031334e-09	-0.000365058251191
5.85088299677e-09	-2.09111053664e-05
5.8929756802e-09	0.000315324585245
5.93506836363e-09	0.000562472559977
5.97716104706e-09	0.000664061735733
6.01925373049e-09	0.0006010139914
6.06134641392e-09	0.000394859838707
6.10343909735e-09	0.0001009457701
6.14553178078e-09	-0.000206520104257
6.18762446421e-09	-0.000452351843705
6.22971714764e-09	-0.000579018233111
6.27180983107e-09	-0.000560287997359
6.3139025145e-09	-0.00040605506365
6.35599519793e-09	-0.000158783583174
6.39808788136e-09	0.000118134450531
6.44018056479e-09	0.00035655774991
6.48227324822e-09	0.000500115085742
6.52436593165e-09	0.000517467487953
6.56645861508e-09	0.000409176107496
6.60855129851e-09	0.000206164157134
6.65064398194e-09	-3.88396883864e-05
6.69273666537e-09	-0.000264819100266
6.7348293488e-09	-0.000417731782363
6.77692203223e-09	-0.000463104603114
6.81901471566e-09	-0.000393867725506
6.86110739909e-09	-0.000231221267313
6.90320008252e-09	-1.80685374289e-05
6.94529276595e-09	0.000192217197764
6.98738544938e-09	0.00034883209446
7.02947813281e-09	0.000415610527853
7.07157081624e-09	0.000379678596801
7.11366349967e-09	0.000253715763392
7.1557561831e-09	7.15554033377e-05
7.19784886653e-09	-0.000120540196804
7.23994154996e-09	-0.00027555860288
7.28203423339e-09	-0.000357327306119
7.32412691682e-09	-0.000348760899215
7.36621960025e-09	-0.000255285362073
7.40831228368e-09	-0.000102632800917
7.45040496711e-09	7.00137788954e-05
7.49249765054e-09	0.000219951638428
7.53459033397e-09	0.000311750831315
7.5766830174e-09	0.000325279754179
7.61877570083e-09	0.000260175424046
7.66086838426e-09	0.000135202080855
7.70296106769e-09	-1.71729338945e-05
7.74505375112e-09	-0.000158960534463
7.78714643455e-09	-0.000256189494394
7.82923911798e-09	-0.000286909387796
7.87133180141e-09	-0.000246086157858
7.91342448484e-09	-0.000146343281813
7.95551716827e-09	-1.40070665111e-05
7.9976098517e-09	0.000117551502626
8.03970253513e-09	0.000216538814129
8.08179521856e-09	0.000260267843259
8.12388790199e-09	0.000240055895119
8.16598058542e-09	0.000163146276464
8.20807326886e-09	5.03322698933e-05
8.25016595229e-09	-6.96189963492e-05
8.29225863572e-09	-0.000167372654687
8.33435131915e-09	-0.000220121954044
8.37644400258e-09	-0.000216696837015
8.41853668601e-09	-0.000160033730936
8.46062936944e-09	-6.58174067212e-05
8.50272205287e-09	4.17385817855e-05
8.5448147363e-09	0.000136022375955
8.58690741973e-09	0.000194654603547
8.62900010316e-09	0.000204784089874
8.67109278659e-09	0.000165765286511
8.71318547002e-09	8.88473314262e-05
8.75527815345e-09	-5.89383978422e-06
8.79737083688e-09	-9.48405759118e-05
8.83946352031e-09	-0.000156632722792
8.88155620374e-09	-0.000177234876901
8.92364888717e-09	-0.000153236451297
8.9657415706e-09	-9.21218797885e-05
9.00783425403e-09	-1.00744562133e-05
9.04992693746e-09	7.22721433704e-05
9.09201962089e-09	0.000134930862259
9.13411230432e-09	0.000163405449712
9.17620498775e-09	0.000152092856297
9.21829767118e-09	0.00010521333752
9.26039035461e-09	3.54483172487e-05
9.30248303804e-09	-3.9439621105e-05
9.34457572147e-09	-0.000101112940683
