% time-domain voltage integration by openEMS v0.0.36-142-g32c5c6b @Fri Feb 20 22:38:09 2026
% start-coordinates: (-0.0055,-0.007,0) m -> [21,21,15]
% stop-coordinates: (-0.0055,-0.007,0.0016) m -> [21,21,19]
% t/s	voltage
0	-0
4.28396860179e-11	-1.55830964133e-07
8.56793720359e-11	-8.14709395058e-07
1.28519058054e-10	-1.36718449539e-06
1.71358744072e-10	-1.55423333581e-06
2.1419843009e-10	-1.08484778139e-06
2.57038116108e-10	8.02656984433e-07
2.99877802126e-10	3.20870935866e-06
3.42717488144e-10	5.05979846821e-06
3.85557174162e-10	4.93846357585e-06
4.28396860179e-10	1.65464567203e-06
4.71236546197e-10	-4.60730518625e-06
5.14076232215e-10	-1.18759376164e-05
5.56915918233e-10	-1.64992497957e-05
5.99755604251e-10	-1.41866569265e-05
6.42595290269e-10	-2.5259757308e-06
6.85434976287e-10	1.66491217897e-05
7.28274662305e-10	3.6323819586e-05
7.71114348323e-10	4.56130737803e-05
8.13954034341e-10	3.39798689311e-05
8.56793720359e-10	-1.56746568791e-06
8.99633406377e-10	-5.30309089299e-05
9.42473092395e-10	-9.93067606032e-05
9.85312778413e-10	-0.000112744195576
1.02815246443e-09	-7.20851985534e-05
1.07099215045e-09	2.37125250351e-05
1.11383183647e-09	0.000146544989548
1.15667152248e-09	0.000242140602495
1.1995112085e-09	0.000249350705417
1.24235089452e-09	0.000130699856527
1.28519058054e-09	-9.87075218291e-05
1.32803026656e-09	-0.000360117308446
1.37086995257e-09	-0.000530299905222
1.41370963859e-09	-0.000491178667289
1.45654932461e-09	-0.000193994015717
1.49938901063e-09	0.000293841738312
1.54222869665e-09	0.000786512347986
1.58506838266e-09	0.00103952657082
1.62790806868e-09	0.000858250336023
1.6707477547e-09	0.000210351314308
1.71358744072e-09	-0.000712831882993
1.75642712674e-09	-0.00153276268975
1.79926681275e-09	-0.00182597638923
1.84210649877e-09	-0.00132340707933
1.88494618479e-09	-8.0806115875e-05
1.92778587081e-09	0.00147455686238
1.97062555683e-09	0.00267177610658
2.01346524284e-09	0.00287173548713
2.05630492886e-09	0.00178427936044
2.09914461488e-09	-0.000324588094372
2.1419843009e-09	-0.00265757652232
2.18482398692e-09	-0.00417366856709
2.22766367293e-09	-0.00404229445849
2.27050335895e-09	-0.00207019795198
2.31334304497e-09	0.00111126521369
2.35618273099e-09	0.00422455894295
2.399022417e-09	0.00585460977163
2.44186210302e-09	0.00508917216212
2.48470178904e-09	0.001999916567
2.52754147506e-09	-0.00228160893312
2.57038116108e-09	-0.00597292277962
2.61322084709e-09	-0.00739138352219
2.65606053311e-09	-0.00572668539826
2.69890021913e-09	-0.00147666785051
2.74173990515e-09	0.00368126900867
2.78457959117e-09	0.00756393291522
2.82741927718e-09	0.00842590467073
2.8702589632e-09	0.00575648783706
2.91309864922e-09	0.00056017866882
2.95593833524e-09	-0.005028291489
2.99877802126e-09	-0.00864363880828
3.04161770727e-09	-0.00871561211534
3.08445739329e-09	-0.00516476260964
3.12729707931e-09	0.00054511683993
3.17013676533e-09	0.00602774438448
3.21297645135e-09	0.00899631762877
3.25581613736e-09	0.00823862175457
3.29865582338e-09	0.00412078795489
3.3414955094e-09	-0.0015924439067
3.38433519542e-09	-0.00650957983453
3.42717488144e-09	-0.00863213906996
3.47001456745e-09	-0.00717899668962
3.51285425347e-09	-0.00287214742275
3.55569393949e-09	0.00241787207779
3.59853362551e-09	0.00649211171549
3.64137331153e-09	0.00774562754668
3.68421299754e-09	0.00580288434867
3.72705268356e-09	0.00161501485854
3.76989236958e-09	-0.0029951428296
3.8127320556e-09	-0.00612514873501
3.85557174162e-09	-0.00657870003488
3.89841142763e-09	-0.00432152254507
3.94125111365e-09	-0.000435781301348
3.98409079967e-09	0.00338380341418
4.02693048569e-09	0.005562776234
4.0697701717e-09	0.00529449107125
4.11260985772e-09	0.00283756910358
4.15544954374e-09	-0.000646148211672
4.19828922976e-09	-0.00362587178824
4.24112891578e-09	-0.00486842123792
4.28396860179e-09	-0.00394907256123
4.32680828781e-09	-0.00139410694828
4.36964797383e-09	0.00159243997768
4.41248765985e-09	0.00368476117728
4.45532734587e-09	0.00402072933502
4.49816703188e-09	0.00255893805297
4.5410067179e-09	5.70412694287e-05
4.58384640392e-09	-0.00230505201034
4.62668608994e-09	-0.0034749257029
4.66952577596e-09	-0.00299596833065
4.71236546197e-09	-0.00118460616795
4.75520514799e-09	0.00105277911643
4.79804483401e-09	0.00266480451683
4.84088452003e-09	0.00294607406249
4.88372420605e-09	0.0018449818308
4.92656389206e-09	-4.64224904135e-05
4.96940357808e-09	-0.00180150629603
5.0122432641e-09	-0.00260885956232
5.05508295012e-09	-0.00214545091148
5.09792263614e-09	-0.000701781988028
5.14076232215e-09	0.000987705076113
5.18360200817e-09	0.00211405789014
5.22644169419e-09	0.00217877700925
5.26928138021e-09	0.00121163894073
5.31212106623e-09	-0.000272572367976
5.35496075224e-09	-0.00154394190758
5.39780043826e-09	-0.00201407307759
5.44064012428e-09	-0.00150601097266
5.4834798103e-09	-0.000314750162943
5.52631949632e-09	0.000958644595812
5.56915918233e-09	0.00170810494456
5.61199886835e-09	0.00160897627939
5.65483855437e-09	0.000755428598495
5.69767824039e-09	-0.000407573956181
5.7405179264e-09	-0.0013139663788
5.78335761242e-09	-0.00155014786287
5.82619729844e-09	-0.00104164864752
5.86903698446e-09	-6.945199857e-05
5.91187667048e-09	0.000882494190591
5.95471635649e-09	0.00136648307671
5.99755604251e-09	0.00117974434397
6.04039572853e-09	0.000446841739176
6.08323541455e-09	-0.000457051974081
6.12607510057e-09	-0.00109649181832
6.16891478658e-09	-0.00118414364988
6.2117544726e-09	-0.000708222782123
6.25459415862e-09	7.67620458646e-05
6.29743384464e-09	0.000784100804594
6.34027353066e-09	0.00108421084587
6.38311321667e-09	0.000857055871165
6.42595290269e-09	0.000237737101997
6.46879258871e-09	-0.00046063294576
6.51163227473e-09	-0.000904105516383
6.55447196075e-09	-0.000896589612239
6.59731164676e-09	-0.000465436271043
6.64015133278e-09	0.000163392644026
6.6829910188e-09	0.000682357669575
6.72583070482e-09	0.000851955657708
6.76867039084e-09	0.000610478469753
6.81151007685e-09	9.38121393119e-05
6.85434976287e-09	-0.000439250608906
6.89718944889e-09	-0.000735809997423
6.94002913491e-09	-0.000668138309265
6.98286882093e-09	-0.000287543334707
7.02570850694e-09	0.000209374778933
7.06854819296e-09	0.000581438507652
7.11138787898e-09	0.000659382771119
7.154227565e-09	0.000422052493377
7.19706725101e-09	-1.39717528214e-06
7.23990693703e-09	-0.000400798897317
7.28274662305e-09	-0.000588651702856
7.32558630907e-09	-0.000487506775244
7.36842599509e-09	-0.000160768424394
7.4112656811e-09	0.000225009658607
7.45410536712e-09	0.000484407333715
7.49694505314e-09	0.000501676826389
7.53978473916e-09	0.000281731910945
7.58262442518e-09	-5.87369577261e-05
7.62546411119e-09	-0.000352412018401
7.66830379721e-09	-0.000463112563011
7.71114348323e-09	-0.000348448105797
7.75398316925e-09	-7.46894947952e-05
7.79682285527e-09	0.000220328223804
7.83966254128e-09	0.000396159273805
7.8825022273e-09	0.000376203031919
7.92534191332e-09	0.000180416169314
7.96818159934e-09	-8.93241667654e-05
8.01102128536e-09	-0.000301704771118
8.05386097137e-09	-0.000359519523045
8.09670065739e-09	-0.000243770162342
8.13954034341e-09	-1.83608035513e-05
8.18238002943e-09	0.000204418105568
8.22521971545e-09	0.000319499791658
8.26805940146e-09	0.000278290222923
8.31089908748e-09	0.00010857698544
8.3537387735e-09	-0.000102642596175
8.39657845952e-09	-0.000253379934293
8.43941814554e-09	-0.000275648722891
8.48225783155e-09	-0.000165771736647
8.52509751757e-09	1.73022622221e-05
8.56793720359e-09	0.000183183452464
8.61077688961e-09	0.000254426333413
8.65361657563e-09	0.000202410057682
8.69645626164e-09	5.82751490583e-05
8.73929594766e-09	-0.000104965552964
8.78213563368e-09	-0.000209148896829
8.8249753197e-09	-0.000208203480724
8.86781500571e-09	-0.00010818141709
8.91065469173e-09	3.83638343919e-05
8.95349437775e-09	0.000159696610353
8.99633406377e-09	0.000199834918021
9.03917374979e-09	0.000144141878991
9.0820134358e-09	2.40775402744e-05
9.12485312182e-09	-0.000100184372059
9.16769280784e-09	-0.00016970431534
9.21053249386e-09	-0.000154571607709
9.25337217988e-09	-6.64738527121e-05
9.29621186589e-09	4.90529155286e-05
9.33905155191e-09	0.000135959700856
9.38189123793e-09	0.000154734647367
9.42473092395e-09	0.000100160517832
9.46757060997e-09	1.94913042151e-06
9.51041029598e-09	-9.11667320906e-05
9.553249982e-09	-0.000135477726872
9.59608966802e-09	-0.000112666821224
9.63892935404e-09	-3.71068299501e-05
9.68176904006e-09	5.26785279362e-05
9.72460872607e-09	0.000113521715321
9.76744841209e-09	0.000118238347568
9.81028809811e-09	6.76112031215e-05
9.85312778413e-09	-1.14884896902e-05
9.89596747015e-09	-8.01758160378e-05
9.93880715616e-09	-0.000106563937152
9.98164684218e-09	-8.04572646302e-05
1.00244865282e-08	-1.6991704797e-05
1.00673262142e-08	5.18574561283e-05
1.01101659002e-08	9.3288386779e-05
1.01530055863e-08	8.91883319127e-05
1.01958452723e-08	4.39311534137e-05
1.02386849583e-08	-1.89047823369e-05
1.02815246443e-08	-6.87014180585e-05
1.03243643303e-08	-8.26300183689e-05
1.03672040163e-08	-5.60270545975e-05
1.04100437024e-08	-3.62393012665e-06
1.04528833884e-08	4.84433139718e-05
1.04957230744e-08	7.55935798225e-05
1.05385627604e-08	6.63366954541e-05
1.05814024464e-08	2.69899533123e-05
1.06242421325e-08	-2.22505850616e-05
1.06670818185e-08	-5.75953417865e-05
1.07099215045e-08	-6.30882477708e-05
1.07527611905e-08	-3.77276182917e-05
1.07956008765e-08	4.85384953208e-06
1.08384405625e-08	4.36188729509e-05
1.08812802486e-08	6.04553997618e-05
1.09241199346e-08	4.85841928821e-05
1.09669596206e-08	1.5149948922e-05
1.10097993066e-08	-2.28992107623e-05
1.10526389926e-08	-4.73390127809e-05
1.10954786786e-08	-4.73542322652e-05
1.11383183647e-08	-2.4244290671e-05
1.11811580507e-08	9.83348377304e-06
1.12239977367e-08	3.81962281608e-05
1.12668374227e-08	4.77511648569e-05
1.13096771087e-08	3.49897727574e-05
1.13525167948e-08	7.13667907348e-06
1.13953564808e-08	-2.18419004341e-05
1.14381961668e-08	-3.81979216399e-05
1.14810358528e-08	-3.48818766724e-05
1.15238755388e-08	-1.45127578435e-05
1.15667152248e-08	1.2377733583e-05
1.16095549109e-08	3.27336538248e-05
1.16523945969e-08	3.72907543351e-05
1.16952342829e-08	2.47429939009e-05
1.17380739689e-08	1.93333482912e-06
1.17809136549e-08	-1.98151610675e-05
1.1823753341e-08	-3.02873099827e-05
1.1866593027e-08	-2.51378005487e-05
1.1909432713e-08	-7.63647619806e-06
1.1952272399e-08	1.32897771437e-05
1.1995112085e-08	2.75731676993e-05
1.2037951771e-08	2.88211085717e-05
1.20807914571e-08	1.71414644683e-05
1.21236311431e-08	-1.25809305018e-06
1.21664708291e-08	-1.73246089616e-05
1.22093105151e-08	-2.35944335145e-05
1.22521502011e-08	-1.76289217961e-05
1.22949898872e-08	-2.90150597948e-06
1.23378295732e-08	1.31623023663e-05
1.23806692592e-08	2.29036509154e-05
1.24235089452e-08	2.20581900976e-05
1.24663486312e-08	1.15907537293e-05
1.25091883172e-08	-3.03838879745e-06
1.25520280033e-08	-1.46955610489e-05
1.25948676893e-08	-1.80327378985e-05
1.26377073753e-08	-1.19204141811e-05
1.26805470613e-08	2.50713078742e-07
1.27233867473e-08	1.24066889384e-05
1.27662264333e-08	1.88046319636e-05
1.28090661194e-08	1.67303937815e-05
1.28519058054e-08	7.61752062317e-06
1.28947454914e-08	-3.85177168027e-06
1.29375851774e-08	-1.2134810504e-05
1.29804248634e-08	-1.34881838676e-05
1.30232645495e-08	-7.64292553868e-06
