% time-domain current integration by openEMS v0.0.36-142-g32c5c6b @Fri Feb 20 22:38:09 2026
% start-coordinates: (-0.00937247,-0.00963853,0.0004) m -> [20,20,16]
% stop-coordinates: (-0.0055,-0.007,0.0004) m -> [21,21,16]
% t/s	current
5.78914675918e-13	0
4.34186006939e-11	1.94077891535e-08
8.62582867118e-11	-2.04974597295e-08
1.2909797273e-10	-8.18156209448e-08
1.71937658748e-10	-1.20435345252e-07
2.14777344766e-10	-1.17332945138e-07
2.57617030784e-10	-4.60392932666e-08
3.00456716802e-10	9.87981962908e-08
3.43296402819e-10	2.84860021793e-07
3.86136088837e-10	4.15370777773e-07
4.28975774855e-10	3.84398788356e-07
4.71815460873e-10	1.18408259198e-07
5.14655146891e-10	-3.67114438404e-07
5.57494832909e-10	-9.1356878329e-07
6.00334518927e-10	-1.24422297176e-06
6.43174204945e-10	-1.06232960206e-06
6.86013890963e-10	-1.92349929762e-07
7.28853576981e-10	1.22497897337e-06
7.71693262999e-10	2.68410894932e-06
8.14532949017e-10	3.40448991665e-06
8.57372635035e-10	2.63270544565e-06
9.00212321053e-10	1.07647778691e-07
9.43052007071e-10	-3.61161573892e-06
9.85891693089e-10	-7.06889341018e-06
1.02873137911e-09	-8.32040768728e-06
1.07157106512e-09	-5.78835397391e-06
1.11441075114e-09	7.2932459716e-07
1.15725043716e-09	9.43731993175e-06
1.20009012318e-09	1.67010184668e-05
1.2429298092e-09	1.82789153769e-05
1.28576949521e-09	1.13184714792e-05
1.32860918123e-09	-3.66650010619e-06
1.37144886725e-09	-2.19177927647e-05
1.41428855327e-09	-3.54554103978e-05
1.45712823929e-09	-3.60995836672e-05
1.4999679253e-09	-1.95748962142e-05
1.54280761132e-09	1.11956960609e-05
1.58564729734e-09	4.54364089819e-05
1.62848698336e-09	6.76683339407e-05
1.67132666938e-09	6.40889047645e-05
1.71416635539e-09	2.97664755635e-05
1.75700604141e-09	-2.6728686862e-05
1.79984572743e-09	-8.4210820205e-05
1.84268541345e-09	-0.000116175266157
1.88552509947e-09	-0.000102296922705
1.92836478548e-09	-3.94276503357e-05
1.9712044715e-09	5.34328646609e-05
2.01404415752e-09	0.000139797833981
2.05688384354e-09	0.000179527050932
2.09972352956e-09	0.000146873760968
2.14256321557e-09	4.47718375653e-05
2.18540290159e-09	-9.20186794247e-05
2.22824258761e-09	-0.000208123121411
2.27108227363e-09	-0.00024987742654
2.31392195965e-09	-0.000189837359358
2.35676164566e-09	-4.22925731982e-05
2.39960133168e-09	0.000138461677125
2.4424410177e-09	0.000278153514955
2.48528070372e-09	0.000313547789119
2.52812038973e-09	0.000221247333684
2.57096007575e-09	3.10316354444e-05
2.61379976177e-09	-0.000183460360859
2.65663944779e-09	-0.000334015581757
2.69947913381e-09	-0.000355151831172
2.74231881982e-09	-0.000233215847402
2.78515850584e-09	-1.40451847983e-05
2.82799819186e-09	0.000214891479118
2.87083787788e-09	0.000360673060641
2.9136775639e-09	0.000363923871191
2.95651724991e-09	0.000223726354307
2.99935693593e-09	-2.33160608332e-06
3.04219662195e-09	-0.000222779170144
3.08503630797e-09	-0.000350625079591
3.12787599399e-09	-0.000338788842782
3.17071568e-09	-0.000197728106286
3.21355536602e-09	1.14359627332e-05
3.25639505204e-09	0.000204179959837
3.29923473806e-09	0.000307725160383
3.34207442408e-09	0.00028902842314
3.38491411009e-09	0.000164675991982
3.42775379611e-09	-9.80767254077e-06
3.47059348213e-09	-0.000165031306096
3.51343316815e-09	-0.000245679111686
3.55627285417e-09	-0.000229949990171
3.59911254018e-09	-0.000133885536343
3.6419522262e-09	-8.58932253323e-07
3.68479191222e-09	0.000117721916467
3.72763159824e-09	0.000181968440302
3.77047128426e-09	0.00017606675101
3.81331097027e-09	0.000110443172161
3.85615065629e-09	1.45348876686e-05
3.89899034231e-09	-7.57260277169e-05
3.94183002833e-09	-0.000130638683913
3.98466971434e-09	-0.000135575421154
4.02750940036e-09	-9.38848534133e-05
4.07034908638e-09	-2.39079963649e-05
4.1131887724e-09	4.82425712107e-05
4.15602845842e-09	9.7671210824e-05
4.19886814443e-09	0.000108757973067
4.24170783045e-09	7.99655463197e-05
4.28454751647e-09	2.39145156229e-05
4.32738720249e-09	-3.73931216018e-05
4.37022688851e-09	-8.07320539025e-05
4.41306657452e-09	-9.03755790205e-05
4.45590626054e-09	-6.40873040538e-05
4.49874594656e-09	-1.38940813486e-05
4.54158563258e-09	3.8895286707e-05
4.5844253186e-09	7.25503923604e-05
4.62726500461e-09	7.39956958569e-05
4.67010469063e-09	4.41936172138e-05
4.71294437665e-09	-2.57942519966e-06
4.75578406267e-09	-4.52745734947e-05
4.79862374869e-09	-6.5503299993e-05
4.8414634347e-09	-5.55957303732e-05
4.88430312072e-09	-2.16354765143e-05
4.92714280674e-09	1.98092584469e-05
4.96998249276e-09	4.96231768921e-05
5.01282217878e-09	5.49582546228e-05
5.05566186479e-09	3.48236026184e-05
5.09850155081e-09	-2.92566255666e-08
5.14134123683e-09	-3.26562440023e-05
5.18418092285e-09	-4.80853923364e-05
5.22702060887e-09	-4.01742545364e-05
5.26986029488e-09	-1.39963849506e-05
5.3126999809e-09	1.71356950887e-05
5.35553966692e-09	3.83540791518e-05
5.39837935294e-09	4.02904151997e-05
5.44121903896e-09	2.31627636822e-05
5.48405872497e-09	-3.86631472793e-06
5.52689841099e-09	-2.75044039881e-05
5.56973809701e-09	-3.6815967178e-05
5.61257778303e-09	-2.82343498839e-05
5.65541746904e-09	-6.82304289512e-06
5.69825715506e-09	1.65988312801e-05
5.74109684108e-09	3.08764647343e-05
5.7839365271e-09	2.97905717161e-05
5.82677621312e-09	1.47243463289e-05
5.86961589913e-09	-6.44654210191e-06
5.91245558515e-09	-2.34054168686e-05
5.95529527117e-09	-2.83862045762e-05
5.99813495719e-09	-1.96917244466e-05
6.04097464321e-09	-2.1651148927e-06
6.08381432922e-09	1.54510889843e-05
6.12665401524e-09	2.48463729804e-05
6.16949370126e-09	2.20308265853e-05
6.21233338728e-09	8.98541838978e-06
6.2551730733e-09	-7.59243357606e-06
6.29801275931e-09	-1.96948567464e-05
6.34085244533e-09	-2.18496679736e-05
6.38369213135e-09	-1.35659056468e-05
6.42653181737e-09	6.93791662343e-07
6.46937150339e-09	1.38816085382e-05
6.5122111894e-09	1.98256711883e-05
6.55505087542e-09	1.60986637638e-05
6.59789056144e-09	4.97198425364e-06
6.64073024746e-09	-7.9093815657e-06
6.68356993348e-09	-1.63653712661e-05
6.72640961949e-09	-1.66321933648e-05
6.76924930551e-09	-9.01661496755e-06
6.81208899153e-09	2.4643713914e-06
6.85492867755e-09	1.21791672427e-05
6.89776836357e-09	1.56273035827e-05
6.94060804958e-09	1.15098309834e-05
6.9834477356e-09	2.17527940549e-06
7.02628742162e-09	-7.68479458202e-06
7.06912710764e-09	-1.33798866955e-05
7.11196679365e-09	-1.24391481222e-05
7.15480647967e-09	-5.66239987165e-06
7.19764616569e-09	3.43226611221e-06
7.24048585171e-09	1.04218524939e-05
7.28332553773e-09	1.21149587358e-05
7.32616522374e-09	7.99609915703e-06
7.36900490976e-09	3.25936071022e-07
7.41184459578e-09	-7.08045990905e-06
7.4546842818e-09	-1.07383993964e-05
7.49752396782e-09	-9.12173254619e-06
7.54036365383e-09	-3.27902785102e-06
7.58320333985e-09	3.8021103137e-06
7.62604302587e-09	8.71001338965e-06
7.66888271189e-09	9.24428513827e-06
7.71172239791e-09	5.38875565326e-06
7.75456208392e-09	-8.00134785095e-07
7.79740176994e-09	-6.2741551119e-06
7.84024145596e-09	-8.4871026047e-06
7.88308114198e-09	-6.56998327031e-06
7.925920828e-09	-1.64979337569e-06
7.96876051401e-09	3.78935237677e-06
8.01160020003e-09	7.15160285836e-06
8.05443988605e-09	6.96086954122e-06
8.09727957207e-09	3.49777974407e-06
8.14011925809e-09	-1.42860835695e-06
8.1829589441e-09	-5.4134839047e-06
8.22579863012e-09	-6.62540969643e-06
8.26863831614e-09	-4.64007098344e-06
8.31147800216e-09	-5.65236177863e-07
8.35431768818e-09	3.56318196282e-06
8.39715737419e-09	5.79196148465e-06
8.43999706021e-09	5.16946965945e-06
8.48283674623e-09	2.14166448131e-06
8.52567643225e-09	-1.73292164618e-06
8.56851611827e-09	-4.57869100501e-06
8.61135580428e-09	-5.10612471771e-06
8.6541954903e-09	-3.18945603794e-06
8.69703517632e-09	1.35621121444e-07
8.73987486234e-09	3.22281766785e-06
8.78271454835e-09	4.62578555016e-06
8.82555423437e-09	3.77180276701e-06
8.86839392039e-09	1.18452862807e-06
8.91123360641e-09	-1.82074074928e-06
8.95407329243e-09	-3.80159872293e-06
8.99691297844e-09	-3.87675390812e-06
9.03975266446e-09	-2.11252017834e-06
9.08259235048e-09	5.58681676921e-07
9.1254320365e-09	2.82640075966e-06
9.16827172252e-09	3.64049719792e-06
9.21111140853e-09	2.69456336355e-06
9.25395109455e-09	5.29662543158e-07
9.29679078057e-09	-1.76587946044e-06
9.33963046659e-09	-3.10070117848e-06
9.38247015261e-09	-2.89592026093e-06
9.42530983862e-09	-1.33070113861e-06
9.46814952464e-09	7.82553456702e-07
9.51098921066e-09	2.41628004005e-06
9.55382889668e-09	2.8245019621e-06
9.5966685827e-09	1.87999921764e-06
9.63950826871e-09	1.01466639535e-07
9.68234795473e-09	-1.62617038768e-06
9.72518764075e-09	-2.48978085438e-06
9.76802732677e-09	-2.12786721931e-06
9.81086701279e-09	-7.76873775976e-07
9.8537066988e-09	8.72043983691e-07
9.89654638482e-09	2.02420369533e-06
9.93938607084e-09	2.16195940084e-06
9.98222575686e-09	1.27463681565e-06
1.00250654429e-08	-1.63981212609e-07
1.00679051289e-08	-1.44480509334e-06
1.01107448149e-08	-1.9714696009e-06
1.01535845009e-08	-1.53525354563e-06
1.01964241869e-08	-3.9385463424e-07
1.0239263873e-08	8.7596066578e-07
1.0282103559e-08	1.66751760844e-06
1.0324943245e-08	1.63239292306e-06
1.0367782931e-08	8.31358875075e-07
1.0410622617e-08	-3.16279056278e-07
1.04534623031e-08	-1.24978544136e-06
1.04963019891e-08	-1.53961445903e-06
1.05391416751e-08	-1.08328958959e-06
1.05819813611e-08	-1.3627828821e-07
1.06248210471e-08	8.27870849207e-07
1.06676607331e-08	1.35276604851e-06
1.07105004192e-08	1.21384482554e-06
1.07533401052e-08	5.12214910486e-07
1.07961797912e-08	-3.90513434922e-07
1.08390194772e-08	-1.05713615994e-06
1.08818591632e-08	-1.18529271731e-06
1.09246988493e-08	-7.43290399896e-07
1.09675385353e-08	2.95385689242e-08
1.10103782213e-08	7.50399635763e-07
1.10532179073e-08	1.08152323719e-06
1.10960575933e-08	8.8731218284e-07
1.11388972793e-08	2.87730898663e-07
1.11817369654e-08	-4.1234804371e-07
1.12245766514e-08	-8.76829233221e-07
1.12674163374e-08	-8.98887265066e-07
1.13102560234e-08	-4.9176048833e-07
1.13530957094e-08	1.29165243834e-07
1.13959353954e-08	6.59204602016e-07
1.14387750815e-08	8.52805499107e-07
1.14816147675e-08	6.36553238564e-07
1.15244544535e-08	1.34551612518e-07
1.15672941395e-08	-4.00886705165e-07
1.16101338255e-08	-7.14853115369e-07
1.16529735116e-08	-6.7104417667e-07
1.16958131976e-08	-3.09240135721e-07
1.17386528836e-08	1.82584756203e-07
1.17814925696e-08	5.65204231862e-07
1.18243322556e-08	6.63708703996e-07
1.18671719416e-08	4.46775061391e-07
1.19100116277e-08	3.3733329019e-08
1.19528513137e-08	-3.69809441736e-07
1.19956909997e-08	-5.7372392348e-07
1.20385306857e-08	-4.92411686537e-07
1.20813703717e-08	-1.79469537898e-07
1.21242100578e-08	2.04866751119e-07
1.21670497438e-08	4.7518045676e-07
1.22098894298e-08	5.09911160407e-07
1.22527291158e-08	3.05267178646e-07
1.22955688018e-08	-2.93170785426e-08
1.23384084878e-08	-3.28780231484e-07
1.23812481739e-08	-4.53626341823e-07
1.24240878599e-08	-3.54106447276e-07
1.24669275459e-08	-8.93213325526e-08
1.25097672319e-08	2.06848440598e-07
1.25526069179e-08	3.92800757254e-07
1.2595446604e-08	3.86572367006e-07
1.263828629e-08	2.01418203005e-07
1.2681125976e-08	-6.56412311173e-08
1.2723965662e-08	-2.84084592295e-07
1.2766805348e-08	-3.5331211734e-07
1.2809645034e-08	-2.48526646374e-07
1.28524847201e-08	-2.86591159693e-08
1.28953244061e-08	1.96320087298e-07
1.29381640921e-08	3.19905097967e-07
1.29810037781e-08	2.89067997983e-07
1.30238434641e-08	1.26636308551e-07
