% time-domain current integration by openEMS v0.0.36-142-g32c5c6b @Sat Feb 21 00:27:08 2026
% start-coordinates: (-0.0124153,-0.00603181,0.0004) m -> [14,15,14]
% stop-coordinates: (-0.005,0,0.0004) m -> [15,16,14]
% t/s	current
5.76476317622e-13	0
4.55416290921e-11	-1.78784844707e-07
9.05067818666e-11	-1.64458441532e-07
1.35471934641e-10	-3.6329769415e-08
1.80437087416e-10	1.71171507191e-07
2.2540224019e-10	3.86687190712e-07
2.70367392965e-10	4.73078813457e-07
3.15332545739e-10	3.10850509777e-07
3.60297698514e-10	-1.06810126965e-07
4.05262851288e-10	-6.40482198833e-07
4.50228004063e-10	-1.02330204754e-06
4.95193156837e-10	-1.04309106064e-06
5.40158309612e-10	-4.26198653258e-07
5.85123462386e-10	6.7754444899e-07
6.30088615161e-10	1.87671003005e-06
6.75053767935e-10	2.48181140705e-06
7.2001892071e-10	1.96286487153e-06
7.64984073484e-10	1.32153161303e-07
8.09949226259e-10	-2.53029566011e-06
8.54914379033e-10	-4.77105413665e-06
8.99879531808e-10	-5.22221489518e-06
9.44844684582e-10	-2.99450903185e-06
9.89809837357e-10	1.73072419329e-06
1.03477499013e-09	7.18626688467e-06
1.07974014291e-09	1.06896868601e-05
1.12470529568e-09	9.58221789915e-06
1.16967044845e-09	2.94371238851e-06
1.21463560123e-09	-7.51126935938e-06
1.259600754e-09	-1.74357282958e-05
1.30456590678e-09	-2.12387367355e-05
1.34953105955e-09	-1.49186635099e-05
1.39449621233e-09	1.29743455091e-06
1.4394613651e-09	2.18074874283e-05
1.48442651788e-09	3.69718109141e-05
1.52939167065e-09	3.71677706426e-05
1.57435682343e-09	1.79951020982e-05
1.6193219762e-09	-1.60298295668e-05
1.66428712897e-09	-5.11368089064e-05
1.70925228175e-09	-6.9283421908e-05
1.75421743452e-09	-5.64208639844e-05
1.7991825873e-09	-1.12073194032e-05
1.84414774007e-09	5.12297228852e-05
1.88911289285e-09	0.000102976046037
1.93407804562e-09	0.000114804810437
1.9790431984e-09	7.11189204594e-05
2.02400835117e-09	-1.86311699508e-05
2.06897350395e-09	-0.000119230935525
2.11393865672e-09	-0.000181988842087
2.15890380949e-09	-0.000166981670191
2.20386896227e-09	-6.544648204e-05
2.24883411504e-09	8.93207616173e-05
2.29379926782e-09	0.000230359481066
2.33876442059e-09	0.000284500652924
2.38372957337e-09	0.000208417550311
2.42869472614e-09	1.60558611242e-05
2.47365987892e-09	-0.00021801731782
2.51862503169e-09	-0.000385465624277
2.56359018446e-09	-0.000392751942854
2.60855533724e-09	-0.000210426878766
2.65352049001e-09	0.0001020176569
2.69848564279e-09	0.000411835382693
2.74345079556e-09	0.000567992217839
2.78841594834e-09	0.000473151274491
2.83338110111e-09	0.000139148440212
2.87834625389e-09	-0.000304159824736
2.92331140666e-09	-0.000657354074065
2.96827655944e-09	-0.00074030237738
3.01324171221e-09	-0.000482270785142
3.05820686498e-09	3.12182746711e-05
3.10317201776e-09	0.000582845997997
3.14813717053e-09	0.000914910051506
3.19310232331e-09	0.000849526142702
3.23806747608e-09	0.000381841498893
3.28303262886e-09	-0.000302389991703
3.32799778163e-09	-0.000899531994946
3.37296293441e-09	-0.00112368550617
3.41792808718e-09	-0.000844061374664
3.46289323996e-09	-0.000157880145707
3.50785839273e-09	0.000640935089905
3.5528235455e-09	0.00118873012252
3.59778869828e-09	0.00121970393229
3.64275385105e-09	0.000695763446856
3.68771900383e-09	-0.000165255696629
3.7326841566e-09	-0.000980930402875
3.77764930938e-09	-0.00137674063444
3.82261446215e-09	-0.00116067065392
3.86757961493e-09	-0.00041724491166
3.9125447677e-09	0.000525382172782
3.95750992047e-09	0.00124279572628
4.00247507325e-09	0.00140880211256
4.04744022602e-09	0.000946287589613
4.0924053788e-09	6.36367767584e-05
4.13737053157e-09	-0.000840802909806
4.18233568435e-09	-0.00136177253444
4.22730083712e-09	-0.00127185066231
4.2722659899e-09	-0.000622483727057
4.31723114267e-09	0.000284520734567
4.36219629545e-09	0.00103941885754
4.40716144822e-09	0.00131267379038
4.45212660099e-09	0.00100100866985
4.49709175377e-09	0.000265757844318
4.54205690654e-09	-0.000550303608179
4.58702205932e-09	-0.00108473666478
4.63198721209e-09	-0.00111843191553
4.67695236487e-09	-0.00066582323052
4.72191751764e-09	4.50786137662e-05
4.76688267042e-09	0.000687267165631
4.81184782319e-09	0.000986390281469
4.85681297596e-09	0.000838509760797
4.90177812874e-09	0.000343321094988
4.94674328151e-09	-0.000255970080616
4.99170843429e-09	-0.000691591762006
5.03667358706e-09	-0.000791056605522
5.08163873984e-09	-0.000544077483937
5.12660389261e-09	-9.15442942642e-05
5.17156904539e-09	0.000351134862285
5.21653419816e-09	0.000595757097472
5.26149935094e-09	0.00056034012232
5.30646450371e-09	0.000292849552352
5.35142965648e-09	-6.47449269309e-05
5.39639480926e-09	-0.000349256471964
5.44135996203e-09	-0.000449521758128
5.48632511481e-09	-0.000347733875969
5.53129026758e-09	-0.000114734430099
5.57625542036e-09	0.000132527915412
5.62122057313e-09	0.000287768780254
5.66618572591e-09	0.000299426726997
5.71115087868e-09	0.000184663207619
5.75611603146e-09	1.15606144391e-05
5.80108118423e-09	-0.000137899012771
5.846046337e-09	-0.000205055359402
5.89101148978e-09	-0.000175740060513
5.93597664255e-09	-7.88745455793e-05
5.98094179533e-09	3.32031740982e-05
6.0259069481e-09	0.000111043729703
6.07087210088e-09	0.000128546816995
6.11583725365e-09	8.97560748854e-05
6.16080240643e-09	2.15357831621e-05
6.2057675592e-09	-4.20739634137e-05
6.25073271197e-09	-7.5638454291e-05
6.29569786475e-09	-7.131005259e-05
6.34066301752e-09	-3.86518586311e-05
6.3856281703e-09	2.95347808787e-06
6.43059332307e-09	3.44555410265e-05
6.47555847585e-09	4.50595762231e-05
6.52052362862e-09	3.49691217707e-05
6.5654887814e-09	1.29104901134e-05
6.61045393417e-09	-9.3901044238e-06
6.65541908695e-09	-2.27681648539e-05
6.70038423972e-09	-2.38368447754e-05
6.74534939249e-09	-1.50612413563e-05
6.79031454527e-09	-2.35704283114e-06
6.83527969804e-09	8.18623539089e-06
6.88024485082e-09	1.28533620227e-05
6.92521000359e-09	1.124931714e-05
6.97017515637e-09	5.62855439057e-06
7.01514030914e-09	-7.1818158176e-07
7.06010546192e-09	-5.07254571858e-06
7.10507061469e-09	-6.25083657724e-06
7.15003576746e-09	-4.67996778752e-06
7.19500092024e-09	-1.7653312625e-06
7.23996607301e-09	9.39395079058e-07
7.28493122579e-09	2.43528825195e-06
7.32989637856e-09	2.50394464274e-06
7.37486153134e-09	1.58490388458e-06
7.41982668411e-09	3.77713774924e-07
7.46479183689e-09	-5.21516767549e-07
7.50975698966e-09	-8.40471784613e-07
7.55472214244e-09	-6.55881763123e-07
7.59968729521e-09	-2.37132042002e-07
7.64465244798e-09	1.16465798783e-07
7.68961760076e-09	2.40167025822e-07
7.73458275353e-09	1.27030148178e-07
7.77954790631e-09	-1.01665222019e-07
7.82451305908e-09	-2.92467547069e-07
7.86947821186e-09	-3.3441452274e-07
7.91444336463e-09	-2.06678180348e-07
7.95940851741e-09	3.36830794367e-08
8.00437367018e-09	2.41309066951e-07
8.04933882296e-09	3.01666744917e-07
8.09430397573e-09	2.45935154908e-07
8.1392691285e-09	8.6581621872e-08
8.18423428128e-09	-1.18373236546e-07
8.22919943405e-09	-3.21157529015e-07
8.27416458683e-09	-4.65980917852e-07
8.3191297396e-09	-5.27305473952e-07
8.36409489238e-09	-4.87412989969e-07
8.40906004515e-09	-3.45067689977e-07
8.45402519793e-09	-1.49428501572e-07
8.4989903507e-09	4.8089361826e-08
8.54395550347e-09	2.06711490591e-07
8.58892065625e-09	2.88911508051e-07
8.63388580902e-09	2.71358885584e-07
8.6788509618e-09	1.55605789587e-07
8.72381611457e-09	-1.50069467963e-08
8.76878126735e-09	-2.10986343063e-07
8.81374642012e-09	-3.78637651011e-07
8.8587115729e-09	-4.59297183397e-07
8.90367672567e-09	-4.43778873205e-07
8.94864187845e-09	-3.34257663326e-07
8.99360703122e-09	-1.63562958733e-07
9.03857218399e-09	2.38860593527e-08
9.08353733677e-09	1.82875965038e-07
9.12850248954e-09	2.67097817641e-07
9.17346764232e-09	2.82809224927e-07
9.21843279509e-09	2.04821986927e-07
9.26339794787e-09	5.36969650966e-08
9.30836310064e-09	-1.31161243644e-07
9.35332825342e-09	-2.90815194148e-07
9.39829340619e-09	-3.90058460198e-07
9.44325855897e-09	-3.9864139012e-07
9.48822371174e-09	-3.28864473431e-07
9.53318886451e-09	-1.86520196621e-07
9.57815401729e-09	-7.77401965024e-09
9.62311917006e-09	1.54215399562e-07
9.66808432284e-09	2.541262063e-07
9.71304947561e-09	2.76459701354e-07
9.75801462839e-09	2.24900588819e-07
9.80297978116e-09	1.02049455108e-07
9.84794493394e-09	-5.82803068028e-08
9.89291008671e-09	-2.13089208501e-07
9.93787523948e-09	-3.24867869494e-07
9.98284039226e-09	-3.64726531643e-07
1.0027805545e-08	-3.16241994369e-07
1.00727706978e-08	-1.99932230771e-07
1.01177358506e-08	-3.98481461161e-08
1.01627010034e-08	1.16505475489e-07
1.02076661561e-08	2.23956476475e-07
1.02526313089e-08	2.69995439339e-07
1.02975964617e-08	2.38836406652e-07
1.03425616145e-08	1.38681656381e-07
1.03875267672e-08	-5.21180254509e-09
1.043249192e-08	-1.52337065629e-07
1.04774570728e-08	-2.66159503326e-07
1.05224222256e-08	-3.20122268249e-07
1.05673873783e-08	-2.99482167065e-07
1.06123525311e-08	-2.11999122257e-07
1.06573176839e-08	-7.21785795577e-08
