% time-domain voltage integration by openEMS v0.0.36-142-g32c5c6b @Sat Feb 21 00:27:08 2026
% start-coordinates: (-0.005,0,0) m -> [15,16,13]
% stop-coordinates: (-0.005,0,0.0016) m -> [15,16,17]
% t/s	voltage
0	-0
4.49651527745e-11	-2.633932354e-06
8.9930305549e-11	2.27859182189e-07
1.34895458324e-10	1.95695906768e-06
1.79860611098e-10	3.64262314179e-06
2.24825763873e-10	3.40720828262e-06
2.69790916647e-10	1.01749904502e-06
3.14756069422e-10	-2.83623336372e-06
3.59721222196e-10	-6.49527783025e-06
4.04686374971e-10	-7.94981519903e-06
4.49651527745e-10	-6.29798478258e-06
4.9461668052e-10	4.75248384646e-07
5.39581833294e-10	9.98825817078e-06
5.84546986069e-10	1.72295754055e-05
6.29512138843e-10	1.76527710209e-05
6.74477291618e-10	8.23642358228e-06
7.19442444392e-10	-9.2026339189e-06
7.64407597167e-10	-2.90672301162e-05
8.09372749941e-10	-3.91953108192e-05
8.54337902716e-10	-3.13353675665e-05
8.9930305549e-10	-4.00868066208e-06
9.44268208265e-10	3.61647444151e-05
9.89233361039e-10	7.07064682501e-05
1.03419851381e-09	7.85430493124e-05
1.07916366659e-09	4.61116396764e-05
1.12412881936e-09	-2.27987684411e-05
1.16909397214e-09	-0.000102161136965
1.21405912491e-09	-0.000153435605171
1.25902427769e-09	-0.000137321283546
1.30398943046e-09	-4.14835167248e-05
1.34895458324e-09	0.000106437471914
1.39391973601e-09	0.000242321890255
1.43888488878e-09	0.000289581075776
1.48385004156e-09	0.000196218064957
1.52881519433e-09	-2.74965404969e-05
1.57378034711e-09	-0.000300777915982
1.61874549988e-09	-0.000490890641231
1.66371065266e-09	-0.000474222331832
1.70867580543e-09	-0.000204176918487
1.75364095821e-09	0.000241985624598
1.79860611098e-09	0.000674807408359
1.84357126375e-09	0.000865167545271
1.88853641653e-09	0.00065404009365
1.9335015693e-09	5.56430331926e-05
1.97846672208e-09	-0.000708934647264
2.02343187485e-09	-0.00128221165505
2.06839702763e-09	-0.00132634752663
2.1133621804e-09	-0.000704227946699
2.15832733318e-09	0.000404467617045
2.20329248595e-09	0.00153320565005
2.24825763873e-09	0.00211055454565
2.2932227915e-09	0.00173578117392
2.33818794427e-09	0.000420285454311
2.38315309705e-09	-0.00134260524646
2.42811824982e-09	-0.00274437904591
2.4730834026e-09	-0.00301870133262
2.51804855537e-09	-0.00184026642819
2.56301370815e-09	0.000436065893155
2.60797886092e-09	0.00284731696593
2.6529440137e-09	0.00421526783612
2.69790916647e-09	0.00370984739857
2.74287431925e-09	0.0013188883313
2.78783947202e-09	-0.00203374982812
2.83280462479e-09	-0.00482372718398
2.87776977757e-09	-0.00561251526233
2.92273493034e-09	-0.0037744116853
2.96770008312e-09	9.4609655207e-05
3.01266523589e-09	0.00433362217154
3.05763038867e-09	0.00692199682817
3.10259554144e-09	0.00644112413283
3.14756069422e-09	0.00283157988451
3.19252584699e-09	-0.00244637345895
3.23749099976e-09	-0.00699501961935
3.28245615254e-09	-0.00857213069685
3.32742130531e-09	-0.00619767152239
3.37238645809e-09	-0.000727284350432
3.41735161086e-09	0.00543452997226
3.46231676364e-09	0.00939787668176
3.50728191641e-09	0.009155850159
3.55224706919e-09	0.0046044253977
3.59721222196e-09	-0.00230789592024
3.64217737474e-09	-0.00842093676329
3.68714252751e-09	-0.0108255473897
3.73210768028e-09	-0.00826631020755
3.77707283306e-09	-0.00179816858144
3.82203798583e-09	0.0056492498843
3.86700313861e-09	0.0106176037807
3.91196829138e-09	0.0107508448418
3.95693344416e-09	0.00593071011826
4.00189859693e-09	-0.00164183619199
4.04686374971e-09	-0.00846725516021
4.09182890248e-09	-0.0113900310826
4.13679405526e-09	-0.00908264471218
4.18175920803e-09	-0.0026577571407
4.2267243608e-09	0.00487531244289
4.27168951358e-09	0.0100410887972
4.31665466635e-09	0.0105274242815
4.36161981913e-09	0.00623462523799
4.4065849719e-09	-0.000735592737328
4.45155012468e-09	-0.00712048239075
4.49651527745e-09	-0.0100438634399
4.54148043023e-09	-0.008329159813
4.586445583e-09	-0.00296702387277
4.63141073577e-09	0.00343930919189
4.67637588855e-09	0.00794960139319
4.72134104132e-09	0.00864998879842
4.7663061941e-09	0.00546577211935
4.81127134687e-09	7.98123219283e-05
4.85623649965e-09	-0.00494964187965
4.90120165242e-09	-0.00741173420101
4.9461668052e-09	-0.00641638762318
4.99113195797e-09	-0.00269141996978
5.03609711075e-09	0.00187926611397
5.08106226352e-09	0.00520396034699
5.12602741629e-09	0.00593952147756
5.17099256907e-09	0.00402112095617
5.21595772184e-09	0.000563707551919
5.26092287462e-09	-0.00275692058494
5.30588802739e-09	-0.0045097079128
5.35085318017e-09	-0.0041152354097
5.39581833294e-09	-0.00200345757185
5.44078348572e-09	0.00069716660073
5.48574863849e-09	0.00274456944317
5.53071379126e-09	0.00334342831047
5.57567894404e-09	0.00243567751022
5.62064409681e-09	0.000625103435596
5.66560924959e-09	-0.00118021099479
5.71057440236e-09	-0.0022084430675
5.75553955514e-09	-0.00214051530929
5.80050470791e-09	-0.0011796762119
5.84546986069e-09	0.000118701769679
5.89043501346e-09	0.00114521168871
5.93540016624e-09	0.00150935244164
5.98036531901e-09	0.00117225354188
6.02533047178e-09	0.000402677796956
6.07029562456e-09	-0.000393126290874
6.11526077733e-09	-0.000872134914971
6.16022593011e-09	-0.000890433366294
6.20519108288e-09	-0.000528950447915
6.25015623566e-09	-1.53367618623e-05
6.29512138843e-09	0.000401867851906
6.34008654121e-09	0.000564404646866
6.38505169398e-09	0.000454642919067
6.43001684676e-09	0.00017460374147
6.47498199953e-09	-0.000121863417007
6.5199471523e-09	-0.000305891851895
6.56491230508e-09	-0.000323054613546
6.60987745785e-09	-0.000201083668799
6.65484261063e-09	-2.03121840059e-05
6.6998077634e-09	0.000131522363517
6.74477291618e-09	0.000197791810933
6.78973806895e-09	0.000169893544808
6.83470322173e-09	7.98077635409e-05
6.8796683745e-09	-2.24959649131e-05
6.92463352727e-09	-9.36868509598e-05
6.96959868005e-09	-0.000113289812361
7.01456383282e-09	-8.61659373186e-05
7.0595289856e-09	-3.4023315493e-05
7.10449413837e-09	1.73018588612e-05
7.14945929115e-09	4.95063250128e-05
7.19442444392e-09	5.64804613532e-05
7.2393895967e-09	4.33482018707e-05
7.28435474947e-09	2.08680330616e-05
7.32931990225e-09	-5.94409868881e-07
7.37428505502e-09	-1.47075638779e-05
7.41925020779e-09	-2.03539470931e-05
7.46421536057e-09	-1.95949887711e-05
7.50918051334e-09	-1.58251004905e-05
7.55414566612e-09	-1.13065250389e-05
7.59911081889e-09	-6.88173861363e-06
7.64407597167e-09	-2.13568966956e-06
7.68904112444e-09	3.31290436861e-06
7.73400627722e-09	9.11548545446e-06
7.77897142999e-09	1.39653973292e-05
7.82393658277e-09	1.62042219927e-05
7.86890173554e-09	1.45544709085e-05
7.91386688831e-09	8.8910883278e-06
7.95883204109e-09	3.87804632851e-07
8.00379719386e-09	-9.69835855358e-06
8.04876234664e-09	-1.72893924173e-05
8.09372749941e-09	-1.9980167508e-05
8.13869265219e-09	-1.72939257936e-05
8.18365780496e-09	-1.0375486454e-05
8.22862295774e-09	-1.26441784687e-06
8.27358811051e-09	7.56362555876e-06
8.31855326328e-09	1.39755441069e-05
8.36351841606e-09	1.65410201589e-05
8.40848356883e-09	1.43964775816e-05
8.45344872161e-09	8.02019371804e-06
8.49841387438e-09	-5.96537091724e-07
8.54337902716e-09	-9.43451618696e-06
8.58834417993e-09	-1.64210146067e-05
8.63330933271e-09	-1.98962729883e-05
8.67827448548e-09	-1.88314966181e-05
8.72323963826e-09	-1.37574909331e-05
8.76820479103e-09	-5.98443261879e-06
8.8131699438e-09	2.72605456075e-06
8.85813509658e-09	9.79015089797e-06
8.90310024935e-09	1.32381719595e-05
8.94806540213e-09	1.23801667087e-05
8.9930305549e-09	7.40563359614e-06
9.03799570768e-09	-1.62034876183e-07
9.08296086045e-09	-8.53203255247e-06
9.12792601323e-09	-1.5319778413e-05
9.172891166e-09	-1.93284363377e-05
9.21785631877e-09	-1.96798673642e-05
9.26282147155e-09	-1.6000024516e-05
9.30778662432e-09	-9.1611273092e-06
9.3527517771e-09	-1.14220475211e-06
9.39771692987e-09	5.86119506352e-06
9.44268208265e-09	1.00272345662e-05
9.48764723542e-09	1.04104290131e-05
9.5326123882e-09	7.09310802449e-06
9.57757754097e-09	5.94724468783e-07
9.62254269375e-09	-7.24080052805e-06
9.66750784652e-09	-1.42485430388e-05
9.71247299929e-09	-1.86112047231e-05
9.75743815207e-09	-1.9654841708e-05
9.80240330484e-09	-1.71183796738e-05
9.84736845762e-09	-1.15698501304e-05
9.89233361039e-09	-4.44534236976e-06
9.93729876317e-09	2.35974590623e-06
9.98226391594e-09	7.2213756539e-06
1.00272290687e-08	8.7048106252e-06
1.00721942215e-08	6.48180548524e-06
1.01171593743e-08	1.16974945286e-06
1.0162124527e-08	-5.91801790506e-06
1.02070896798e-08	-1.26411389374e-05
1.02520548326e-08	-1.74705655809e-05
1.02970199854e-08	-1.93891710296e-05
1.03419851381e-08	-1.78479854185e-05
1.03869502909e-08	-1.33069549975e-05
1.04319154437e-08	-6.92175024142e-06
1.04768805965e-08	-4.55351695905e-07
1.05218457492e-08	4.54638200154e-06
1.0566810902e-08	6.77900300161e-06
1.06117760548e-08	5.77867206175e-06
1.06567412076e-08	1.65211767467e-06
