% time-domain current integration by openEMS v0.0.36-142-g32c5c6b @Fri Feb 20 23:26:17 2026
% start-coordinates: (-0.0124153,-0.00603181,0.0004) m -> [14,15,14]
% stop-coordinates: (-0.005,0,0.0004) m -> [15,16,14]
% t/s	current
5.76476317622e-13	0
4.55416290921e-11	-1.78844743459e-07
9.05067818666e-11	-1.64807374858e-07
1.35471934641e-10	-3.63271261961e-08
1.80437087416e-10	1.71051269149e-07
2.2540224019e-10	3.86424375165e-07
2.70367392965e-10	4.72550169661e-07
3.15332545739e-10	3.10702347406e-07
3.60297698514e-10	-1.06220625185e-07
4.05262851288e-10	-6.3965001118e-07
4.50228004063e-10	-1.02368812804e-06
4.95193156837e-10	-1.04200239548e-06
5.40158309612e-10	-4.26594823466e-07
5.85123462386e-10	6.76422757806e-07
6.30088615161e-10	1.87360751625e-06
6.75053767935e-10	2.48024525717e-06
7.2001892071e-10	1.96198175217e-06
7.64984073484e-10	1.33411418801e-07
8.09949226259e-10	-2.52302106674e-06
8.54914379033e-10	-4.76391278426e-06
8.99879531808e-10	-5.21978563484e-06
9.44844684582e-10	-2.99656267089e-06
9.89809837357e-10	1.71960778061e-06
1.03477499013e-09	7.17274360795e-06
1.07974014291e-09	1.06767774923e-05
1.12470529568e-09	9.5816085377e-06
1.16967044845e-09	2.95541963169e-06
1.21463560123e-09	-7.49014088797e-06
1.259600754e-09	-1.74065935425e-05
1.30456590678e-09	-2.12166742131e-05
1.34953105955e-09	-1.49204706759e-05
1.39449621233e-09	1.26523718791e-06
1.4394613651e-09	2.17503675231e-05
1.48442651788e-09	3.69143017451e-05
1.52939167065e-09	3.71420792362e-05
1.57435682343e-09	1.80179031304e-05
1.6193219762e-09	-1.59473675012e-05
1.66428712897e-09	-5.10216414114e-05
1.70925228175e-09	-6.91825844115e-05
1.75421743452e-09	-5.64018591831e-05
1.7991825873e-09	-1.12988764158e-05
1.84414774007e-09	5.10435929755e-05
1.88911289285e-09	0.000102764097392
1.93407804562e-09	0.000114669644972
1.9790431984e-09	7.1156922786e-05
2.02400835117e-09	-1.8398535758e-05
2.06897350395e-09	-0.000118867930723
2.11393865672e-09	-0.000181650742888
2.15890380949e-09	-0.000166849466041
2.20386896227e-09	-6.56337942928e-05
2.24883411504e-09	8.88275171746e-05
2.29379926782e-09	0.000229733850574
2.33876442059e-09	0.000284033943899
2.38372957337e-09	0.000208381126868
2.42869472614e-09	1.65623005159e-05
2.47365987892e-09	-0.000217104388867
2.51862503169e-09	-0.000384514656616
2.56359018446e-09	-0.000392230576836
2.60855533724e-09	-0.000210674770642
2.65352049001e-09	0.000100966899481
2.69848564279e-09	0.000410350854509
2.74345079556e-09	0.000566723058
2.78841594834e-09	0.000472756160889
2.83338110111e-09	0.000139970463351
2.87834625389e-09	-0.000302320055198
2.92331140666e-09	-0.000655223266222
2.96827655944e-09	-0.00073886080645
3.01324171221e-09	-0.000482311530504
3.05820686498e-09	2.95041390928e-05
3.10317201776e-09	0.000580045743845
3.14813717053e-09	0.000912201881874
3.19310232331e-09	0.000848209718242
3.23806747608e-09	0.000382695696317
3.28303262886e-09	-0.000299514445942
3.32799778163e-09	-0.000895759207197
3.37296293441e-09	-0.00112067582086
3.41792808718e-09	-0.000843281217385
3.46289323996e-09	-0.000159890681971
3.50785839273e-09	0.000636811018921
3.5528235455e-09	0.0011842136737
3.59778869828e-09	0.00121682626195
3.64275385105e-09	0.000695937895216
3.68771900383e-09	-0.000161914387718
3.7326841566e-09	-0.000975745962933
3.77764930938e-09	-0.00137194409035
3.82261446215e-09	-0.00115841510706
3.86757961493e-09	-0.000418636424001
3.9125447677e-09	0.000520836329088
3.95750992047e-09	0.00123701686971
4.00247507325e-09	0.00140429567546
4.04744022602e-09	0.000945040374063
4.0924053788e-09	6.62257516524e-05
4.13737053157e-09	-0.000835491460748
4.18233568435e-09	-0.00135603011586
4.22730083712e-09	-0.00126814702526
4.2722659899e-09	-0.000622371502686
4.31723114267e-09	0.000281070300844
4.36219629545e-09	0.00103396666236
4.40716144822e-09	0.00130758434534
4.45212660099e-09	0.000998406787403
4.49709175377e-09	0.000266614573775
4.54205690654e-09	-0.000546533847228
4.58702205932e-09	-0.00107978528831
4.63198721209e-09	-0.00111442594789
4.67695236487e-09	-0.000664337538183
4.72191751764e-09	4.36385125795e-05
4.76688267042e-09	0.000683746184222
4.81184782319e-09	0.000982417492196
4.85681297596e-09	0.000835743383504
4.90177812874e-09	0.000342738087056
4.94674328151e-09	-0.000254389888141
4.99170843429e-09	-0.000688756932504
5.03667358706e-09	-0.000788270845078
5.08163873984e-09	-0.000542446738109
5.12660389261e-09	-9.15457203519e-05
5.17156904539e-09	0.000349764653947
5.21653419816e-09	0.000593799864873
5.26149935094e-09	0.000558686675504
5.30646450371e-09	0.000292106182314
5.35142965648e-09	-6.44552128506e-05
5.39639480926e-09	-0.000348268105881
5.44135996203e-09	-0.00044839840848
5.48632511481e-09	-0.000346978253219
5.53129026758e-09	-0.000114591282909
5.57625542036e-09	0.000132141605718
5.62122057313e-09	0.000287156639388
5.66618572591e-09	0.0002989351633
5.71115087868e-09	0.000184512289707
5.75611603146e-09	1.17660165415e-05
5.80108118423e-09	-0.000137503142469
5.846046337e-09	-0.000204704992939
5.89101148978e-09	-0.00017562287394
5.93597664255e-09	-7.90442863945e-05
5.98094179533e-09	3.28352180077e-05
6.0259069481e-09	0.000110656837933
6.07087210088e-09	0.000128317580675
6.11583725365e-09	8.97808131413e-05
6.16080240643e-09	2.18035675061e-05
6.2057675592e-09	-4.16769980802e-05
6.25073271197e-09	-7.52614141675e-05
6.29569786475e-09	-7.10910389898e-05
6.34066301752e-09	-3.86571300623e-05
6.3856281703e-09	2.7385328849e-06
6.43059332307e-09	3.41154373018e-05
6.47555847585e-09	4.47091260867e-05
6.52052362862e-09	3.47146815329e-05
6.5654887814e-09	1.28186020447e-05
6.61045393417e-09	-9.30727219384e-06
6.65541908695e-09	-2.25466246775e-05
6.70038423972e-09	-2.35479819821e-05
6.74534939249e-09	-1.47864111568e-05
6.79031454527e-09	-2.16489388549e-06
6.83527969804e-09	8.25200368126e-06
6.88024485082e-09	1.27835510284e-05
6.92521000359e-09	1.10678593046e-05
6.97017515637e-09	5.38256745131e-06
7.01514030914e-09	-9.65123604146e-07
7.06010546192e-09	-5.25874247614e-06
7.10507061469e-09	-6.33159788777e-06
7.15003576746e-09	-4.63438027509e-06
7.19500092024e-09	-1.60797355875e-06
7.23996607301e-09	1.17071999739e-06
7.28493122579e-09	2.67873065241e-06
7.32989637856e-09	2.69790098173e-06
7.37486153134e-09	1.67718701505e-06
7.41982668411e-09	3.45330988694e-07
7.46479183689e-09	-6.68999746267e-07
7.50975698966e-09	-1.06556285573e-06
7.55472214244e-09	-8.98164671526e-07
7.59968729521e-09	-4.35272113464e-07
7.64465244798e-09	1.63901745509e-08
7.68961760076e-09	2.62900641701e-07
7.73458275353e-09	2.66689880846e-07
7.77954790631e-09	1.17081214057e-07
7.82451305908e-09	-5.1819881719e-08
7.86947821186e-09	-1.35233136689e-07
7.91444336463e-09	-1.00382777646e-07
7.95940851741e-09	1.82269843663e-08
8.00437367018e-09	1.1102375197e-07
8.04933882296e-09	8.93910652167e-08
8.09430397573e-09	9.38302946452e-09
8.1392691285e-09	-1.12537549057e-07
8.18423428128e-09	-2.30883387076e-07
8.22919943405e-09	-3.15840281928e-07
