% time-domain voltage integration by openEMS v0.0.36-142-g32c5c6b @Fri Feb 20 23:26:17 2026
% start-coordinates: (-0.005,0,0) m -> [15,16,13]
% stop-coordinates: (-0.005,0,0.0016) m -> [15,16,17]
% t/s	voltage
0	-0
4.49651527745e-11	-2.63347237706e-06
8.9930305549e-11	2.35630011503e-07
1.34895458324e-10	1.96535773966e-06
1.79860611098e-10	3.64632950323e-06
2.24825763873e-10	3.41505665347e-06
2.69790916647e-10	1.03394430084e-06
3.14756069422e-10	-2.81900997834e-06
3.59721222196e-10	-6.49551679999e-06
4.04686374971e-10	-7.97939992481e-06
4.49651527745e-10	-6.30821079994e-06
4.9461668052e-10	4.56966603224e-07
5.39581833294e-10	9.96769995254e-06
5.84546986069e-10	1.72498034772e-05
6.29512138843e-10	1.77285955942e-05
6.74477291618e-10	8.34699017105e-06
7.19442444392e-10	-9.13609619602e-06
7.64407597167e-10	-2.90330099233e-05
8.09372749941e-10	-3.93344544136e-05
8.54337902716e-10	-3.16330761052e-05
8.9930305549e-10	-4.25883786193e-06
9.44268208265e-10	3.60644480679e-05
9.89233361039e-10	7.08940024197e-05
1.03419851381e-09	7.90224275988e-05
1.07916366659e-09	4.67129284516e-05
1.12412881936e-09	-2.23523311433e-05
1.16909397214e-09	-0.000102220457848
1.21405912491e-09	-0.000153974895511
1.25902427769e-09	-0.000138356350362
1.30398943046e-09	-4.26975848313e-05
1.34895458324e-09	0.000105673854705
1.39391973601e-09	0.000242637637712
1.43888488878e-09	0.000291168849799
1.48385004156e-09	0.000198708868993
1.52881519433e-09	-2.5284862204e-05
1.57378034711e-09	-0.000299945044389
1.61874549988e-09	-0.000492374194437
1.66371065266e-09	-0.000478024448967
1.70867580543e-09	-0.000209114514291
1.75364095821e-09	0.000238287560933
1.79860611098e-09	0.000674771014019
1.84357126375e-09	0.000869792653248
1.88853641653e-09	0.000662282123812
1.9335015693e-09	6.42839113425e-05
1.97846672208e-09	-0.000704363628756
2.02343187485e-09	-0.00128518429119
2.06839702763e-09	-0.00133732249378
2.1133621804e-09	-0.00071973077138
2.15832733318e-09	0.000391324792872
2.20329248595e-09	0.00152964517474
2.24825763873e-09	0.00212072365684
2.2932227915e-09	0.00175798905548
2.33818794427e-09	0.000446148151241
2.38315309705e-09	-0.00132539117476
2.42811824982e-09	-0.00274639821146
2.4730834026e-09	-0.00304315728135
2.51804855537e-09	-0.00187979990733
2.56301370815e-09	0.000397984986193
2.60797886092e-09	0.00282981316559
2.6529440137e-09	0.00423107389361
2.69790916647e-09	0.00375770707615
2.74287431925e-09	0.00138121863711
2.78783947202e-09	-0.00198473944329
2.83280462479e-09	-0.00481431232765
2.87776977757e-09	-0.00565393036231
2.92273493034e-09	-0.00385495938826
2.96770008312e-09	7.54342363507e-06
3.01266523589e-09	0.00428072665818
3.05763038867e-09	0.00693357514683
3.10259554144e-09	0.006520647672
3.14756069422e-09	0.00295074220048
3.19252584699e-09	-0.00233877036953
3.23749099976e-09	-0.00695102557074
3.28245615254e-09	-0.00861980975606
3.32742130531e-09	-0.00632514304016
3.37238645809e-09	-0.00088382724789
3.41735161086e-09	0.00531837483868
3.46231676364e-09	0.00937943765894
3.50728191641e-09	0.00925244926475
3.55224706919e-09	0.00478168739937
3.59721222196e-09	-0.00212449318497
3.64217737474e-09	-0.00831408030353
3.68714252751e-09	-0.0108485978562
3.73210768028e-09	-0.00841690273955
3.77707283306e-09	-0.00201586185722
3.82203798583e-09	0.00545816193335
3.86700313861e-09	0.010539109353
3.91196829138e-09	0.0108240437694
3.95693344416e-09	0.00612815865315
4.00189859693e-09	-0.00140351749724
4.04686374971e-09	-0.00829117093235
4.09182890248e-09	-0.0113536515273
4.13679405526e-09	-0.00920278485864
4.18175920803e-09	-0.00288297381485
4.2267243608e-09	0.00464192137588
4.27168951358e-09	0.00989930890501
4.31665466635e-09	0.0105359919835
4.36161981913e-09	0.00638652511407
4.4065849719e-09	-0.000508492405061
4.45155012468e-09	-0.00691602565348
4.49651527745e-09	-0.00994655466639
4.54148043023e-09	-0.00837413943373
4.586445583e-09	-0.00312794349156
4.63141073577e-09	0.00323587364983
4.67637588855e-09	0.00779003766365
4.72134104132e-09	0.00859615765512
4.7663061941e-09	0.00553085643332
4.81127134687e-09	0.000226788877626
4.85623649965e-09	-0.00478813098744
4.90120165242e-09	-0.00730210542679
4.9461668052e-09	-0.00639666616917
4.99113195797e-09	-0.0027587027871
5.03609711075e-09	0.00176301260944
5.08106226352e-09	0.0050916147884
5.12602741629e-09	0.00587509130128
5.17099256907e-09	0.00402271142229
5.21595772184e-09	0.000619836384431
5.26092287462e-09	-0.0026780506596
5.30588802739e-09	-0.00444361602422
5.35085318017e-09	-0.00408583786339
5.39581833294e-09	-0.00201512465719
5.44078348572e-09	0.000658055534586
5.48574863849e-09	0.00270029727835
5.53071379126e-09	0.00331387511687
5.57567894404e-09	0.00243006151868
5.62064409681e-09	0.000639975129161
5.66560924959e-09	-0.00115685467608
5.71057440236e-09	-0.00219005468534
5.75553955514e-09	-0.00213543558493
5.80050470791e-09	-0.00118813783047
5.84546986069e-09	0.000103384780232
5.89043501346e-09	0.00113231016439
5.93540016624e-09	0.00150600157212
5.98036531901e-09	0.00118018151261
6.02533047178e-09	0.000417985065724
6.07029562456e-09	-0.000377729083993
6.11526077733e-09	-0.000863566965563
6.16022593011e-09	-0.00089248639415
6.20519108288e-09	-0.00054072724015
6.25015623566e-09	-3.21948555211e-05
6.29512138843e-09	0.000386279956729
6.34008654121e-09	0.000555622638785
6.38505169398e-09	0.000455351844721
6.43001684676e-09	0.000184076303412
6.47498199953e-09	-0.000107216070319
6.5199471523e-09	-0.000290910684271
6.56491230508e-09	-0.000312264703098
6.60987745785e-09	-0.000197291272343
6.65484261063e-09	-2.40773283622e-05
6.6998077634e-09	0.000121786444652
6.74477291618e-09	0.000185160795809
6.78973806895e-09	0.00015788071687
6.83470322173e-09	7.14573598088e-05
6.8796683745e-09	-2.52635154538e-05
6.92463352727e-09	-9.04793905647e-05
6.96959868005e-09	-0.000105137027276
7.01456383282e-09	-7.52346968511e-05
7.0595289856e-09	-2.3154090286e-05
7.10449413837e-09	2.54234319073e-05
7.14945929115e-09	5.28426235178e-05
7.19442444392e-09	5.42596089872e-05
7.2393895967e-09	3.61594929927e-05
7.28435474947e-09	1.05535380044e-05
7.32931990225e-09	-1.13390428851e-05
7.37428505502e-09	-2.31157046073e-05
7.41925020779e-09	-2.4194996513e-05
7.46421536057e-09	-1.79354537977e-05
7.50918051334e-09	-9.08753872864e-06
7.55414566612e-09	-1.2867949124e-06
7.59911081889e-09	3.82218979667e-06
7.64407597167e-09	6.43418809432e-06
7.68904112444e-09	7.51005416078e-06
7.73400627722e-09	7.85037082096e-06
7.77897142999e-09	7.60521629672e-06
7.82393658277e-09	6.43488363039e-06
7.86890173554e-09	3.95337781356e-06
7.91386688831e-09	2.25774130058e-07
7.95883204109e-09	-4.06604794989e-06
8.00379719386e-09	-8.79512890606e-06
8.04876234664e-09	-1.13176954528e-05
8.09372749941e-09	-1.05087212887e-05
8.13869265219e-09	-6.86876853706e-06
8.18365780496e-09	-1.66197483509e-06
8.22862295774e-09	3.46921746086e-06
