% time-domain current integration by openEMS v0.0.36-142-g32c5c6b @Wed Apr  8 21:31:17 2026
% start-coordinates: (-0.0087839,-0.00450315,0.0004) m -> [22,23,16]
% stop-coordinates: (-0.005,0,0.0004) m -> [23,24,16]
% t/s	current
5.60739776692e-13	0
4.20554832519e-11	7.4718869314e-08
8.35502267271e-11	1.09811146842e-07
1.25044970202e-10	1.09243430302e-07
1.66539713678e-10	3.92226233714e-08
2.08034457153e-10	-1.00351400079e-07
2.49529200628e-10	-2.69964402833e-07
2.91023944103e-10	-3.87174395655e-07
3.32518687578e-10	-3.42670432474e-07
3.74013431054e-10	-6.52768150644e-08
4.15508174529e-10	4.046438562e-07
4.57002918004e-10	9.08928882382e-07
4.98497661479e-10	1.15882494356e-06
5.39992404954e-10	8.88940974164e-07
5.8148714843e-10	-3.11751158222e-08
6.22981891905e-10	-1.41214377436e-06
6.6447663538e-10	-2.71144472208e-06
7.05971378855e-10	-3.14051158057e-06
7.47466122331e-10	-2.05474452741e-06
7.88960865806e-10	6.73979343446e-07
8.30455609281e-10	4.30316868005e-06
8.71950352756e-10	7.25010568203e-06
9.13445096231e-10	7.6111987255e-06
9.54939839707e-10	4.07215065934e-06
9.96434583182e-10	-3.11529902319e-06
1.03792932666e-09	-1.16091932796e-05
1.07942407013e-09	-1.74346350832e-05
1.12091881361e-09	-1.64714674611e-05
1.16241355708e-09	-6.65576999381e-06
1.20390830056e-09	1.01786035884e-05
1.24540304403e-09	2.78487605101e-05
1.28689778751e-09	3.75751988031e-05
1.32839253098e-09	3.16997138725e-05
1.36988727446e-09	8.0766812971e-06
1.41138201793e-09	-2.70358432317e-05
1.45287676141e-09	-5.96002828388e-05
1.49437150488e-09	-7.26189027773e-05
1.53586624836e-09	-5.39972716069e-05
1.57736099183e-09	-4.05223363487e-06
1.61885573531e-09	6.12122239545e-05
1.66035047879e-09	0.000114022710477
1.70184522226e-09	0.000125695296447
1.74333996574e-09	8.06706666481e-05
1.78483470921e-09	-1.26506338347e-05
1.82632945269e-09	-0.000120612399769
1.86782419616e-09	-0.000195221073227
1.90931893964e-09	-0.000194520893274
1.95081368311e-09	-0.000104134131107
1.99230842659e-09	5.05261414219e-05
2.03380317006e-09	0.000209142221138
2.07529791354e-09	0.000299205945339
2.11679265701e-09	0.00026844596141
2.15828740049e-09	0.000112706671644
2.19978214396e-09	-0.000114962094813
2.24127688744e-09	-0.000321145489579
2.28277163091e-09	-0.000410333625041
2.32426637439e-09	-0.000328985508531
2.36576111786e-09	-9.50764515437e-05
2.40725586134e-09	0.00020259329176
2.44875060481e-09	0.000438168004621
2.49024534829e-09	0.0005028283922
2.53174009176e-09	0.000355634634616
2.57323483524e-09	4.70035702165e-05
2.61472957872e-09	-0.000298072700389
2.65622432219e-09	-0.000531914934982
2.69771906567e-09	-0.000549104763195
2.73921380914e-09	-0.000335222750437
2.78070855262e-09	2.3759661417e-05
2.82220329609e-09	0.000376991374651
2.86369803957e-09	0.000574194244109
2.90519278304e-09	0.00053175695939
2.94668752652e-09	0.000269516283879
2.98818226999e-09	-9.85322258202e-05
3.02967701347e-09	-0.000415223417804
3.07117175694e-09	-0.000549496035092
3.11266650042e-09	-0.000452505249996
3.15416124389e-09	-0.000175780121936
3.19565598737e-09	0.000155453220941
3.23715073084e-09	0.000400072225602
3.27864547432e-09	0.000462787749711
3.32014021779e-09	0.000332113326294
3.36163496127e-09	7.91550191934e-05
3.40312970474e-09	-0.000179599708645
3.44462444822e-09	-0.000336329627316
3.48611919169e-09	-0.000337418809067
3.52761393517e-09	-0.0002010299213
3.56910867865e-09	-1.51034328155e-06
3.61060342212e-09	0.000169179838849
3.6520981656e-09	0.000243454051088
3.69359290907e-09	0.00020441779634
3.73508765255e-09	8.65417387104e-05
3.77658239602e-09	-4.65393241029e-05
3.8180771395e-09	-0.000134332716698
3.85957188297e-09	-0.000146007529111
3.90106662645e-09	-8.98941361811e-05
3.94256136992e-09	-3.8442267396e-06
3.9840561134e-09	6.65676343488e-05
4.02555085687e-09	9.03555992409e-05
4.06704560035e-09	6.35739124846e-05
4.10854034382e-09	7.40617360862e-06
4.1500350873e-09	-4.53356988146e-05
4.19152983077e-09	-6.75353367114e-05
4.23302457425e-09	-5.03144474351e-05
4.27451931772e-09	-5.46054070583e-06
4.3160140612e-09	4.22454613727e-05
4.35750880467e-09	6.81412639096e-05
4.39900354815e-09	5.95560413785e-05
4.44049829162e-09	2.1076441044e-05
4.4819930351e-09	-2.86190552288e-05
4.52348777858e-09	-6.616711471e-05
4.56498252205e-09	-7.44188000681e-05
4.60647726553e-09	-4.98515873915e-05
4.647972009e-09	-3.51650669472e-06
4.68946675248e-09	4.44078177679e-05
4.73096149595e-09	7.36528090783e-05
4.77245623943e-09	7.24048513803e-05
4.8139509829e-09	4.18394774897e-05
4.85544572638e-09	-4.95067070005e-06
4.89694046985e-09	-4.88045116072e-05
4.93843521333e-09	-7.24479323253e-05
4.9799299568e-09	-6.72523165122e-05
5.02142470028e-09	-3.62148530257e-05
5.06291944375e-09	7.7620279626e-06
5.10441418723e-09	4.73234831588e-05
5.1459089307e-09	6.75364935887e-05
5.18740367418e-09	6.14672826487e-05
5.22889841765e-09	3.24419852404e-05
5.27039316113e-09	-7.69304460846e-06
5.3118879046e-09	-4.34176181443e-05
5.35338264808e-09	-6.15287863184e-05
5.39487739155e-09	-5.59703876206e-05
5.43637213503e-09	-2.97758087981e-05
5.47786687851e-09	6.46361149848e-06
5.51936162198e-09	3.88651351386e-05
5.56085636546e-09	5.5550619436e-05
5.60235110893e-09	5.09670499014e-05
5.64384585241e-09	2.76741229754e-05
5.68534059588e-09	-4.94128471473e-06
5.72683533936e-09	-3.44243162544e-05
5.76833008283e-09	-4.99637171743e-05
5.80982482631e-09	-4.63729957119e-05
5.85131956978e-09	-2.57706269622e-05
5.89281431326e-09	3.55011434294e-06
5.93430905673e-09	3.04041786876e-05
5.97580380021e-09	4.49634462711e-05
6.01729854368e-09	4.23308702011e-05
6.05879328716e-09	2.41696216108e-05
6.10028803063e-09	-2.18700006371e-06
6.14178277411e-09	-2.66749011644e-05
6.18327751758e-09	-4.03177364205e-05
6.22477226106e-09	-3.8506306737e-05
6.26626700453e-09	-2.25277635764e-05
6.30776174801e-09	1.15747388918e-06
6.34925649148e-09	2.34798826568e-05
6.39075123496e-09	3.62431819667e-05
6.43224597844e-09	3.51144408341e-05
6.47374072191e-09	2.10590897041e-05
6.51523546539e-09	-2.12399754673e-07
6.55673020886e-09	-2.05506803468e-05
6.59822495234e-09	-3.24744687532e-05
6.63971969581e-09	-3.19107930409e-05
6.68121443929e-09	-1.95667198568e-05
6.72270918276e-09	-4.73763066111e-07
6.76420392624e-09	1.80405768333e-05
6.80569866971e-09	2.91557116725e-05
6.84719341319e-09	2.90625557682e-05
6.88868815666e-09	1.82382955245e-05
6.93018290014e-09	1.11113331513e-06
6.97167764361e-09	-1.57398808369e-05
7.01317238709e-09	-2.60961114691e-05
7.05466713056e-09	-2.63858073595e-05
7.09616187404e-09	-1.69061968336e-05
7.13765661751e-09	-1.54466033564e-06
7.17915136099e-09	1.37800961966e-05
7.22064610446e-09	2.34067701967e-05
7.26214084794e-09	2.40047447733e-05
7.30363559141e-09	1.57153026521e-05
7.34513033489e-09	1.95167558559e-06
7.38662507836e-09	-1.19795513456e-05
7.42811982184e-09	-2.09218578675e-05
7.46961456532e-09	-2.17701544898e-05
7.51110930879e-09	-1.45318790601e-05
7.55260405227e-09	-2.2047515813e-06
7.59409879574e-09	1.04531518446e-05
7.63559353922e-09	1.87484074559e-05
7.67708828269e-09	1.97896533791e-05
7.71858302617e-09	1.34787278512e-05
7.76007776964e-09	2.44457442022e-06
7.80157251312e-09	-9.05015258468e-06
7.84306725659e-09	-1.67365942616e-05
7.88456200007e-09	-1.79244707397e-05
7.92605674354e-09	-1.24351945487e-05
7.96755148702e-09	-2.56372004515e-06
8.00904623049e-09	7.86733835412e-06
8.05054097397e-09	1.49817042256e-05
8.09203571744e-09	1.62802098203e-05
8.13353046092e-09	1.15143375297e-05
8.17502520439e-09	2.68678741122e-06
8.21651994787e-09	-6.77762182022e-06
8.25801469134e-09	-1.3354825569e-05
8.29950943482e-09	-1.47291329995e-05
8.34100417829e-09	-1.05988001451e-05
8.38249892177e-09	-2.71190310741e-06
8.42399366525e-09	5.868633707e-06
8.46548840872e-09	1.19430478662e-05
8.5069831522e-09	1.3366319763e-05
8.54847789567e-09	9.79820470093e-06
8.58997263915e-09	2.75382899417e-06
8.63146738262e-09	-5.02330203744e-06
8.6729621261e-09	-1.06290608528e-05
8.71445686957e-09	-1.20780787256e-05
8.75595161305e-09	-9.0005896709e-06
8.79744635652e-09	-2.71443605016e-06
8.8389411e-09	4.32935848949e-06
8.88043584347e-09	9.49728200794e-06
8.92193058695e-09	1.0953812307e-05
8.96342533042e-09	8.30817225506e-06
9.0049200739e-09	2.70118835033e-06
9.04641481737e-09	-3.67616394215e-06
9.08790956085e-09	-8.43691850605e-06
9.12940430432e-09	-9.88450483419e-06
9.1708990478e-09	-7.61653473091e-06
9.21239379127e-09	-2.61950754066e-06
9.25388853475e-09	3.15096986014e-06
9.29538327822e-09	7.53207950765e-06
9.3368780217e-09	8.95965149539e-06
9.37837276518e-09	7.02246234141e-06
9.41986750865e-09	2.57132569459e-06
9.46136225213e-09	-2.64893697022e-06
9.5028569956e-09	-6.67735957904e-06
9.54435173908e-09	-8.07301330497e-06
9.58584648255e-09	-6.42498980596e-06
9.62734122603e-09	-2.46303625318e-06
9.6688359695e-09	2.25519852393e-06
9.71033071298e-09	5.95705432715e-06
9.75182545645e-09	7.3139513006e-06
9.79332019993e-09	5.91820253248e-06
9.8348149434e-09	2.39434666582e-06
9.87630968688e-09	-1.87006480701e-06
9.91780443035e-09	-5.26891926711e-06
9.95929917383e-09	-6.58022963762e-06
1.00007939173e-08	-5.40325436305e-06
1.00422886608e-08	-2.27164719035e-06
1.00837834043e-08	1.57920067068e-06
1.01252781477e-08	4.69756923849e-06
1.01667728912e-08	5.95971096118e-06
1.02082676347e-08	4.97322980664e-06
1.02497623782e-08	2.19200092033e-06
1.02912571216e-08	-1.28444617076e-06
1.03327518651e-08	-4.14363557866e-06
1.03742466086e-08	-5.35281606062e-06
1.04157413521e-08	-4.53108032161e-06
1.04572360955e-08	-2.06313961826e-06
1.0498730839e-08	1.07332789412e-06
1.05402255825e-08	3.69261169908e-06
1.0581720326e-08	4.84722158944e-06
1.06232150694e-08	4.16845841755e-06
1.06647098129e-08	1.97991221285e-06
1.07062045564e-08	-8.48691797728e-07
1.07476992999e-08	-3.24690972775e-06
1.07891940433e-08	-4.34516732639e-06
1.08306887868e-08	-3.78952427127e-06
1.08721835303e-08	-1.85085127669e-06
1.09136782738e-08	6.98789335729e-07
1.09551730172e-08	2.89305216938e-06
1.09966677607e-08	3.93484879169e-06
1.10381625042e-08	3.48519301951e-06
1.10796572477e-08	1.76933917828e-06
1.11211519911e-08	-5.28033069713e-07
1.11626467346e-08	-2.53439475273e-06
1.12041414781e-08	-3.51985045199e-06
1.12456362216e-08	-3.16080149787e-06
1.1287130965e-08	-1.6437195427e-06
1.13286257085e-08	4.24924110121e-07
1.1370120452e-08	2.25855683311e-06
1.14116151955e-08	3.18832553603e-06
1.14531099389e-08	2.9071334211e-06
1.14946046824e-08	1.56666533258e-06
1.15360994259e-08	-2.95127847494e-07
1.15775941694e-08	-1.96966743715e-06
1.16190889128e-08	-2.84513794213e-06
1.16605836563e-08	-2.62994717559e-06
1.17020783998e-08	-1.44691591686e-06
1.17435731433e-08	2.27859345614e-07
1.17850678867e-08	1.75617424247e-06
1.18265626302e-08	2.57874307863e-06
1.18680573737e-08	2.41963653025e-06
1.19095521172e-08	1.3766440361e-06
1.19510468606e-08	-1.29277168526e-07
1.19925416041e-08	-1.52326379066e-06
1.20340363476e-08	-2.29454144574e-06
1.20755310911e-08	-2.18284685616e-06
1.21170258345e-08	-1.26439385895e-06
1.2158520578e-08	8.90202045412e-08
1.22000153215e-08	1.35986192618e-06
1.2241510065e-08	2.08172627936e-06
1.22830048084e-08	2.00965405384e-06
1.23244995519e-08	1.20188440178e-06
1.23659942954e-08	-1.37888491736e-08
1.24074890389e-08	-1.17173146919e-06
1.24489837823e-08	-1.84615794296e-06
1.24904785258e-08	-1.80728159194e-06
1.25319732693e-08	-1.09768507173e-06
1.25734680128e-08	-6.31598595646e-09
1.26149627562e-08	1.04817922875e-06
1.26564574997e-08	1.67746270563e-06
1.26979522432e-08	1.66584845829e-06
1.27394469867e-08	1.04324885797e-06
1.27809417301e-08	6.41089172859e-08
1.28224364736e-08	-8.9561308414e-07
1.28639312171e-08	-1.48186006754e-06
1.29054259606e-08	-1.49276797856e-06
1.2946920704e-08	-9.47311832533e-07
1.29884154475e-08	-6.91705963618e-08
1.3029910191e-08	8.03791635917e-07
1.30714049345e-08	1.34919241646e-06
1.31128996779e-08	1.3783645727e-06
1.31543944214e-08	9.01074656667e-07
1.31958891649e-08	1.14067461254e-07
1.32373839084e-08	-6.79584559293e-07
1.32788786518e-08	-1.18625143841e-06
1.33203733953e-08	-1.23008294395e-06
1.33618681388e-08	-8.1329733348e-07
1.34033628823e-08	-1.08131189336e-07
1.34448576257e-08	6.12995563642e-07
1.34863523692e-08	1.08313543024e-06
1.35278471127e-08	1.13844259886e-06
1.35693418562e-08	7.74956220084e-07
1.36108365996e-08	1.43745523928e-07
1.36523313431e-08	-5.11283587912e-07
1.36938260866e-08	-9.46938030211e-07
1.37353208301e-08	-1.01115983853e-06
1.37768155735e-08	-6.94765844855e-07
1.3818310317e-08	-1.30000557874e-07
1.38598050605e-08	4.64654476673e-07
1.3901299804e-08	8.68048573466e-07
1.39427945474e-08	9.38715174925e-07
1.39842892909e-08	6.63908735987e-07
1.40257840344e-08	1.58830687269e-07
1.40672787779e-08	-3.8060022689e-07
1.41087735213e-08	-7.53715880819e-07
1.41502682648e-08	-8.29115151646e-07
1.41917630083e-08	-5.90831461977e-07
1.42332577518e-08	-1.39490055062e-07
1.42747524953e-08	3.49750678197e-07
1.43162472387e-08	6.94410459801e-07
1.43577419822e-08	7.72933333337e-07
1.43992367257e-08	5.66824724046e-07
1.44407314692e-08	1.63642141615e-07
1.44822262126e-08	-2.79694631899e-07
1.45237209561e-08	-5.97854636908e-07
1.45652156996e-08	-6.78128003528e-07
1.46067104431e-08	-5.00349756294e-07
1.46482051865e-08	-1.40418194405e-07
1.468969993e-08	2.61231036802e-07
1.47311946735e-08	5.54588098112e-07
1.4772689417e-08	6.35514879832e-07
1.48141841604e-08	4.82520476908e-07
1.48556789039e-08	1.61516595654e-07
1.48971736474e-08	-2.02240755698e-07
1.49386683909e-08	-4.72466069823e-07
1.49801631343e-08	-5.53140864668e-07
1.50216578778e-08	-4.21924539751e-07
1.50631526213e-08	-1.35739412599e-07
1.51046473648e-08	1.93448613572e-07
1.51461421082e-08	4.42261807621e-07
1.51876368517e-08	5.21874483184e-07
1.52291315952e-08	4.09684275837e-07
1.52706263387e-08	1.54775591454e-07
1.53121210821e-08	-1.43033844324e-07
1.53536158256e-08	-3.71839917079e-07
1.53951105691e-08	-4.49932684887e-07
1.54366053126e-08	-3.54323958618e-07
1.5478100056e-08	-1.2740909483e-07
1.55195947995e-08	1.41846101087e-07
1.5561089543e-08	3.52133923798e-07
1.56025842865e-08	4.28178594802e-07
1.56440790299e-08	3.47058232819e-07
1.56855737734e-08	1.45201056512e-07
1.57270685169e-08	-9.81311245596e-08
1.57685632604e-08	-2.91225802584e-07
1.58100580038e-08	-3.64851587165e-07
1.58515527473e-08	-2.96384314424e-07
1.58930474908e-08	-1.16932653782e-07
1.59345422343e-08	1.02869364582e-07
1.59760369777e-08	2.80055587609e-07
1.60175317212e-08	3.50965848384e-07
1.60590264647e-08	2.93502921522e-07
1.61005212082e-08	1.34099281013e-07
1.61420159516e-08	-6.43560440494e-08
1.61835106951e-08	-2.26837656214e-07
1.62250054386e-08	-2.94832261716e-07
1.62665001821e-08	-2.46902970957e-07
1.63079949255e-08	-1.05420582486e-07
1.6349489669e-08	7.36508241062e-08
1.63909844125e-08	2.22568431241e-07
1.6432479156e-08	2.87507305075e-07
1.64739738994e-08	2.47835600931e-07
1.65154686429e-08	1.22348041032e-07
1.65569633864e-08	-3.91464709537e-08
1.65984581299e-08	-1.75523737767e-07
1.66399528733e-08	-2.37385975765e-07
1.66814476168e-08	-2.04776142709e-07
1.67229423603e-08	-9.36137922736e-08
1.67644371038e-08	5.1984301308e-08
1.68059318472e-08	1.76781853156e-07
1.68474265907e-08	2.35495917877e-07
1.68889213342e-08	2.09045680322e-07
1.69304160777e-08	1.10594569946e-07
1.69719108211e-08	-2.05725427804e-08
1.70134055646e-08	-1.34708898258e-07
1.70549003081e-08	-1.90296475466e-07
1.70963950516e-08	-1.69094306557e-07
1.7137889795e-08	-8.2030254589e-08
1.71793845385e-08	3.61256979886e-08
1.7220879282e-08	1.40421875017e-07
1.72623740255e-08	1.92902277263e-07
1.73038687689e-08	1.76225626092e-07
1.73453635124e-08	9.92719577653e-08
1.73868582559e-08	-7.07500191766e-09
1.74283529994e-08	-1.02360203869e-07
1.74698477428e-08	-1.51783808633e-07
1.75113424863e-08	-1.38935945415e-07
1.75528372298e-08	-7.10147673999e-08
1.75943319733e-08	2.46779734425e-08
1.76358267167e-08	1.11651559109e-07
1.76773214602e-08	1.58122830385e-07
1.77188162037e-08	1.48506003939e-07
1.77603109472e-08	8.86239490683e-08
1.78018056906e-08	2.57611532106e-09
1.78433004341e-08	-7.67891492615e-08
1.78847951776e-08	-1.2036397834e-07
1.79262899211e-08	-1.1351664142e-07
