% time-domain current integration by openEMS v0.0.36-142-g32c5c6b @Wed Apr  8 19:40:08 2026
% start-coordinates: (-0.0122044,-0.00590604,0.0004) m -> [14,16,14]
% stop-coordinates: (-0.005,0,0.0004) m -> [15,17,14]
% t/s	current
5.81240779156e-13	0
4.4755539995e-11	-1.69435054431e-07
8.89298392109e-11	-1.55008706315e-07
1.33104138427e-10	-3.37618750734e-08
1.77278437643e-10	1.63947944998e-07
2.21452736859e-10	3.6746934029e-07
2.65627036074e-10	4.47100120482e-07
3.0980133529e-10	2.8916787187e-07
3.53975634506e-10	-1.10944739617e-07
3.98149933722e-10	-6.16741999693e-07
4.42324232938e-10	-9.74231056716e-07
4.86498532154e-10	-9.77732725005e-07
5.3067283137e-10	-3.75255979179e-07
5.74847130586e-10	6.80641846884e-07
6.19021429802e-10	1.80925792392e-06
6.63195729017e-10	2.35019297179e-06
7.07370028233e-10	1.80525830729e-06
7.51544327449e-10	1.94013054511e-08
7.95718626665e-10	-2.51167466558e-06
8.39892925881e-10	-4.5825718189e-06
8.84067225097e-10	-4.89284047944e-06
9.28241524313e-10	-2.63134825218e-06
9.72415823529e-10	1.94433914658e-06
1.01659012274e-09	7.08423704054e-06
1.06076442196e-09	1.01904770418e-05
1.10493872118e-09	8.79481649463e-06
1.14911302039e-09	2.1649439077e-06
1.19328731961e-09	-7.87737644714e-06
1.23746161882e-09	-1.70260937011e-05
1.28163591804e-09	-1.99762907869e-05
1.32581021726e-09	-1.31512624648e-05
1.36998451647e-09	2.83215786112e-06
1.41415881569e-09	2.22243834287e-05
1.4583331149e-09	3.56553246093e-05
1.50250741412e-09	3.42106068274e-05
1.54668171334e-09	1.43575989568e-05
1.59085601255e-09	-1.86783254321e-05
1.63503031177e-09	-5.11020552949e-05
1.67920461098e-09	-6.57125929138e-05
1.7233789102e-09	-5.00504029333e-05
1.76755320941e-09	-4.44322131443e-06
1.81172750863e-09	5.50387121621e-05
1.85590180785e-09	0.00010100077634
1.90007610706e-09	0.000106373830931
1.94425040628e-09	5.87022732361e-05
1.98842470549e-09	-2.98324303003e-05
2.03259900471e-09	-0.000123206104035
2.07677330393e-09	-0.000174813772901
2.12094760314e-09	-0.000149398125359
2.16512190236e-09	-4.36693953816e-05
2.20929620157e-09	0.000105392275145
2.25347050079e-09	0.000231306883506
2.29764480001e-09	0.00026632254594
2.34181909922e-09	0.000175817331183
2.38599339844e-09	-1.79736234713e-05
2.43016769765e-09	-0.000236937950831
2.47434199687e-09	-0.000376767653506
2.51851629608e-09	-0.000355113181286
2.5626905953e-09	-0.000156617767061
2.60686489452e-09	0.00014872776228
2.65103919373e-09	0.000427314807894
2.69521349295e-09	0.000539097061846
2.73938779216e-09	0.000406210281653
2.78356209138e-09	6.02088912274e-05
2.8277363906e-09	-0.000358906225301
2.87191068981e-09	-0.000657739932649
2.91608498903e-09	-0.000677948351949
2.96025928824e-09	-0.000377956253942
3.00443358746e-09	0.000133483175887
3.04860788668e-09	0.00063403690001
3.09278218589e-09	0.000884117092937
3.13695648511e-09	0.000741290685255
3.18113078432e-09	0.000238254433498
3.22530508354e-09	-0.000417546980316
3.26947938275e-09	-0.000929044792429
3.31365368197e-09	-0.00104503589682
3.35782798119e-09	-0.000683692458551
3.4020022804e-09	1.67347207025e-05
3.44617657962e-09	0.00074968021363
3.49035087883e-09	0.0011758148903
3.53452517805e-09	0.00108201312833
3.57869947727e-09	0.000488240882987
3.62287377648e-09	-0.000351426715497
3.6670480757e-09	-0.00105885183439
3.71122237491e-09	-0.00130478362553
3.75539667413e-09	-0.00096437940374
3.79957097335e-09	-0.000180752438609
3.84374527256e-09	0.000695927185006
3.88791957178e-09	0.00126764154993
3.93209387099e-09	0.00127241329756
3.97626817021e-09	0.000706413411535
4.02044246942e-09	-0.000173500549863
4.06461676864e-09	-0.000968421925791
4.10879106786e-09	-0.00132148014382
4.15296536707e-09	-0.00108086992987
4.19713966629e-09	-0.000366171676433
4.2413139655e-09	0.000491536862683
4.28548826472e-09	0.00110547093209
4.32966256394e-09	0.00121041829698
4.37383686315e-09	0.000778914894909
4.41801116237e-09	2.48246524279e-05
4.46218546158e-09	-0.000703278696164
4.5063597608e-09	-0.00108530197758
4.55053406002e-09	-0.000972051289864
4.59470835923e-09	-0.000442821823526
4.63888265845e-09	0.000243607151788
4.68305695766e-09	0.000775945722125
4.72723125688e-09	0.000932732829824
4.77140555609e-09	0.000674427021295
4.81557985531e-09	0.000147125203512
4.85975415453e-09	-0.00039714347804
4.90392845374e-09	-0.00072083825944
4.94810275296e-09	-0.000704546808265
4.99227705217e-09	-0.000388618180295
5.03645135139e-09	6.00940002187e-05
5.08062565061e-09	0.000434322893852
5.12479994982e-09	0.000581501750275
5.16897424904e-09	0.000464539800305
5.21314854825e-09	0.000164898490766
5.25732284747e-09	-0.000166888930835
5.30149714669e-09	-0.000385149585782
5.3456714459e-09	-0.000411780842114
5.38984574512e-09	-0.00026135853841
5.43402004433e-09	-2.2414536943e-05
5.47819434355e-09	0.000191046783584
5.52236864276e-09	0.000292398122838
5.56654294198e-09	0.000255749502685
5.6107172412e-09	0.000117996292829
5.65489154041e-09	-4.66917626909e-05
5.69906583963e-09	-0.00016457849415
5.74324013884e-09	-0.000193913088879
5.78741443806e-09	-0.000137503928272
5.83158873728e-09	-3.39936195815e-05
5.87576303649e-09	6.48438508506e-05
5.91993733571e-09	0.000118496747746
5.96411163492e-09	0.000112945912406
6.00828593414e-09	6.17367040832e-05
6.05246023336e-09	-4.94132700624e-06
6.09663453257e-09	-5.62582281418e-05
6.14080883179e-09	-7.393577107e-05
6.184983131e-09	-5.74825935473e-05
6.22915743022e-09	-2.08176606975e-05
6.27333172943e-09	1.65848359757e-05
6.31750602865e-09	3.90648492612e-05
6.36168032787e-09	4.05665778089e-05
6.40585462708e-09	2.51025412581e-05
6.4500289263e-09	2.86384010906e-06
6.49420322551e-09	-1.5443916709e-05
6.53837752473e-09	-2.31931298913e-05
6.58255182395e-09	-1.96732071345e-05
6.62672612316e-09	-9.00432314666e-06
6.67090042238e-09	2.72714669336e-06
6.71507472159e-09	1.04757009467e-05
6.75924902081e-09	1.2075691302e-05
6.80342332003e-09	8.42803910928e-06
6.84759761924e-09	2.35273773797e-06
6.89177191846e-09	-3.07075060846e-06
6.93594621767e-09	-5.83290329814e-06
6.98012051689e-09	-5.54693951926e-06
7.0242948161e-09	-3.1654662962e-06
7.06846911532e-09	-2.2516047693e-07
7.11264341454e-09	1.94449762603e-06
7.15681771375e-09	2.71191993306e-06
7.20099201297e-09	2.19592880057e-06
7.24516631218e-09	1.00052659491e-06
7.2893406114e-09	-1.83836050383e-07
7.33351491062e-09	-8.85934696271e-07
7.37768920983e-09	-9.87618363979e-07
7.42186350905e-09	-6.57714622321e-07
7.46603780826e-09	-1.91823858131e-07
7.51021210748e-09	1.56579801569e-07
7.5543864067e-09	2.73624976899e-07
7.59856070591e-09	1.91263751503e-07
7.64273500513e-09	2.45220235229e-08
7.68690930434e-09	-1.0342830592e-07
7.73108360356e-09	-1.24742626895e-07
7.77525790277e-09	-4.3853731313e-08
7.81943220199e-09	7.85255167557e-08
7.86360650121e-09	1.06104536712e-07
7.90778080042e-09	5.51717675989e-08
7.95195509964e-09	-4.62043203697e-08
7.99612939885e-09	-1.66331915352e-07
8.04030369807e-09	-2.66864077503e-07
8.08447799729e-09	-3.22880055137e-07
8.1286522965e-09	-3.26722414457e-07
8.17282659572e-09	-2.81310406081e-07
8.21700089493e-09	-1.93325647047e-07
8.26117519415e-09	-7.97936650088e-08
8.30534949337e-09	1.36697053676e-08
8.34952379258e-09	7.69221344399e-08
8.3936980918e-09	9.42084454891e-08
8.43787239101e-09	6.68505961698e-08
8.48204669023e-09	-5.53782797397e-09
8.52622098944e-09	-9.65143271969e-08
8.57039528866e-09	-1.82346695965e-07
8.61456958788e-09	-2.52982914617e-07
8.65874388709e-09	-2.75652013215e-07
8.70291818631e-09	-2.43197405325e-07
8.74709248552e-09	-1.74449837687e-07
8.79126678474e-09	-8.09612288322e-08
8.83544108396e-09	4.60119053969e-09
8.87961538317e-09	6.73504700899e-08
8.92378968239e-09	8.48461070291e-08
8.9679639816e-09	6.73899336334e-08
9.01213828082e-09	2.16942908082e-08
9.05631258004e-09	-5.3602832395e-08
9.10048687925e-09	-1.35584372174e-07
9.14466117847e-09	-1.98281924213e-07
9.18883547768e-09	-2.25619828598e-07
9.2330097769e-09	-2.09440045751e-07
9.27718407611e-09	-1.60457176435e-07
9.32135837533e-09	-9.18067826206e-08
9.36553267455e-09	-1.15976206416e-08
9.40970697376e-09	5.03143695596e-08
9.45388127298e-09	7.90509631088e-08
9.49805557219e-09	6.55915002312e-08
9.54222987141e-09	2.78215708249e-08
9.58640417063e-09	-3.12474099928e-08
9.63057846984e-09	-9.80859056199e-08
9.67475276906e-09	-1.54314435008e-07
9.71892706827e-09	-1.8458553086e-07
9.76310136749e-09	-1.85746685588e-07
9.80727566671e-09	-1.51063574094e-07
9.85144996592e-09	-9.36374959792e-08
9.89562426514e-09	-2.73776095128e-08
