% time-domain current integration by openEMS v0.0.36-142-g32c5c6b @Fri Feb 20 23:06:56 2026
% start-coordinates: (-0.00773484,-0.003072,0.0004) m -> [22,23,16]
% stop-coordinates: (-0.005,0,0.0004) m -> [23,24,16]
% t/s	current
5.71747954592e-13	0
4.17376006852e-11	3.5817475208e-08
8.29034534159e-11	5.50270229382e-08
1.24069306147e-10	5.47453282707e-08
1.65235158877e-10	2.15409681203e-08
2.06401011608e-10	-4.74896353353e-08
2.47566864338e-10	-1.32505675765e-07
2.88732717069e-10	-1.918846948e-07
3.298985698e-10	-1.74030674316e-07
3.7106442253e-10	-4.43956729157e-08
4.12230275261e-10	1.83758814387e-07
4.53396127992e-10	4.35183778791e-07
4.94561980722e-10	5.78157766995e-07
5.35727833453e-10	4.73561669878e-07
5.76893686183e-10	4.57607463034e-08
6.18059538914e-10	-6.25867983217e-07
6.59225391645e-10	-1.29322233988e-06
7.00391244375e-10	-1.58581588039e-06
7.41557097106e-10	-1.16077512757e-06
7.82722949837e-10	9.49502378944e-08
8.23888802567e-10	1.87804414509e-06
8.65054655298e-10	3.46710476151e-06
9.06220508029e-10	3.92571610064e-06
9.47386360759e-10	2.52184554483e-06
9.8855221349e-10	-7.85642555456e-07
1.02971806622e-09	-5.03820228914e-06
1.07088391895e-09	-8.39637596073e-06
1.11204977168e-09	-8.76928061189e-06
1.15321562441e-09	-4.83510757476e-06
1.19438147714e-09	2.9878233363e-06
1.23554732987e-09	1.21129705803e-05
1.2767131826e-09	1.83791289601e-05
1.31787903533e-09	1.76680659933e-05
1.35904488807e-09	8.03123748483e-06
1.4002107408e-09	-8.59826650412e-06
1.44137659353e-09	-2.61833156401e-05
1.48254244626e-09	-3.63743492926e-05
1.52370829899e-09	-3.20490362355e-05
1.56487415172e-09	-1.12113975774e-05
1.60604000445e-09	2.05839023693e-05
1.64720585718e-09	5.09643432451e-05
1.68837170991e-09	6.50780129945e-05
1.72953756264e-09	5.22460504726e-05
1.77070341537e-09	1.21710872918e-05
1.8118692681e-09	-4.25167199865e-05
1.85303512083e-09	-8.94637632882e-05
1.89420097356e-09	-0.000105248051113
1.93536682629e-09	-7.63397983974e-05
1.97653267903e-09	-7.47397371015e-06
2.01769853176e-09	7.71509221522e-05
2.05886438449e-09	0.000141767639434
2.10003023722e-09	0.000153800327098
2.14119608995e-09	9.95668960968e-05
2.18236194268e-09	-6.46325361231e-06
2.22352779541e-09	-0.000124227168271
2.26469364814e-09	-0.000202948445803
2.30585950087e-09	-0.000202977957088
2.3470253536e-09	-0.000115200338769
2.38819120633e-09	3.13574564643e-05
2.42935705906e-09	0.000178595102625
2.47052291179e-09	0.00026260240702
2.51168876452e-09	0.000241746805841
2.55285461725e-09	0.000117060932098
2.59402046998e-09	-6.50302899885e-05
2.63518632272e-09	-0.000230193079915
2.67635217545e-09	-0.000307254842483
2.71751802818e-09	-0.000259585358435
2.75868388091e-09	-0.000102627862361
2.79984973364e-09	0.000100892932096
2.84101558637e-09	0.000266765477136
2.8821814391e-09	0.000325186643749
2.92334729183e-09	0.000251008401392
2.96451314456e-09	7.48731908971e-05
3.00567899729e-09	-0.000129843436298
3.04684485002e-09	-0.000278538471321
3.08801070275e-09	-0.000311420386424
3.12917655548e-09	-0.000218272296479
3.17034240821e-09	-4.13932320953e-05
3.21150826094e-09	0.000143963115988
3.25267411367e-09	0.000262434303295
3.29383996641e-09	0.000269977957942
3.33500581914e-09	0.000170459970832
3.37617167187e-09	1.11034823931e-05
3.4173375246e-09	-0.000139972558827
3.45850337733e-09	-0.00022335331596
3.49966923006e-09	-0.000211997743463
3.54083508279e-09	-0.000119441254355
3.58200093552e-09	9.56511485128e-06
3.62316678825e-09	0.000120402284665
3.66433264098e-09	0.000171779101947
3.70549849371e-09	0.000150886029587
3.74666434644e-09	7.51119514462e-05
3.78783019917e-09	-1.87774294318e-05
3.8289960519e-09	-9.19471058296e-05
3.87016190463e-09	-0.000119279837236
3.91132775737e-09	-9.73586866166e-05
3.9524936101e-09	-4.24994796049e-05
3.99365946283e-09	1.88551748579e-05
4.03482531556e-09	6.22498919256e-05
4.07599116829e-09	7.44948920328e-05
4.11715702102e-09	5.68228570046e-05
4.15832287375e-09	2.17248998524e-05
4.19948872648e-09	-1.40957536132e-05
4.24065457921e-09	-3.7072932173e-05
4.28182043194e-09	-4.14085261582e-05
4.32298628467e-09	-2.96729122056e-05
4.3641521374e-09	-9.96917879093e-06
4.40531799013e-09	8.46023976919e-06
4.44648384286e-09	1.90821338037e-05
4.48764969559e-09	1.99541518668e-05
4.52881554832e-09	1.33469056891e-05
4.56998140106e-09	3.79129301109e-06
4.61114725379e-09	-4.27711347584e-06
4.65231310652e-09	-8.23099708214e-06
4.69347895925e-09	-7.79557558417e-06
4.73464481198e-09	-4.50653897133e-06
4.77581066471e-09	-5.86529267821e-07
4.81697651744e-09	2.14888086703e-06
4.85814237017e-09	2.91898140858e-06
4.8993082229e-09	2.00703630071e-06
4.94047407563e-09	3.44874422353e-07
4.98163992836e-09	-1.05942149276e-06
5.02280578109e-09	-1.57161423431e-06
5.06397163382e-09	-1.10741314074e-06
5.10513748655e-09	-3.85547309634e-08
5.14630333928e-09	1.06599270566e-06
5.18746919201e-09	1.71439842234e-06
5.22863504475e-09	1.67370103554e-06
5.26980089748e-09	1.00973613826e-06
5.31096675021e-09	7.96080712462e-09
5.35213260294e-09	-9.65436470324e-07
5.39329845567e-09	-1.60097977187e-06
5.4344643084e-09	-1.73449120666e-06
5.47563016113e-09	-1.37045515203e-06
5.51679601386e-09	-6.54307768855e-07
5.55796186659e-09	1.92031052393e-07
5.59912771932e-09	9.38149014473e-07
5.64029357205e-09	1.40366114465e-06
5.68145942478e-09	1.49455570408e-06
5.72262527751e-09	1.21403581943e-06
5.76379113024e-09	6.63907030685e-07
5.80495698297e-09	-1.35426034831e-08
5.8461228357e-09	-6.61398757984e-07
5.88728868844e-09	-1.12480097414e-06
5.92845454117e-09	-1.29780221414e-06
5.9696203939e-09	-1.14964564091e-06
6.01078624663e-09	-7.23537709746e-07
6.05195209936e-09	-1.29433146867e-07
6.09311795209e-09	4.83667349727e-07
6.13428380482e-09	9.66851303019e-07
6.17544965755e-09	1.20630818401e-06
6.21661551028e-09	1.15051693683e-06
6.25778136301e-09	8.212663829e-07
6.29894721574e-09	3.05859202854e-07
6.34011306847e-09	-2.67194877779e-07
6.3812789212e-09	-7.5464714655e-07
6.42244477393e-09	-1.04240598375e-06
6.46361062666e-09	-1.06736354155e-06
6.5047764794e-09	-8.29535167668e-07
6.54594233213e-09	-3.93020570755e-07
6.58710818486e-09	1.27749672174e-07
6.62827403759e-09	6.06517062351e-07
6.66943989032e-09	9.27912765292e-07
6.71060574305e-09	1.01887326309e-06
6.75177159578e-09	8.63275772645e-07
6.79293744851e-09	5.06147046053e-07
6.83410330124e-09	3.91523826693e-08
6.87526915397e-09	-4.23056917498e-07
6.9164350067e-09	-7.67202777752e-07
6.95760085943e-09	-9.12580389922e-07
6.99876671216e-09	-8.29933185287e-07
7.03993256489e-09	-5.45801242424e-07
7.08109841762e-09	-1.35754987696e-07
7.12226427035e-09	2.97485485135e-07
7.16343012309e-09	6.49520643492e-07
7.20459597582e-09	8.37213065097e-07
7.24576182855e-09	8.19410786335e-07
7.28692768128e-09	6.05463355896e-07
7.32809353401e-09	2.53877942669e-07
7.36925938674e-09	-1.48087622165e-07
7.41042523947e-09	-5.01540114328e-07
7.4515910922e-09	-7.20671891941e-07
7.49275694493e-09	-7.56287249715e-07
7.53392279766e-09	-6.05278046351e-07
7.57508865039e-09	-3.11385804252e-07
7.61625450312e-09	5.20654452885e-08
7.65742035585e-09	3.95419419874e-07
7.69858620858e-09	6.35771812085e-07
7.73975206131e-09	7.17076602541e-07
7.78091791404e-09	6.24105837232e-07
7.82208376678e-09	3.84743344739e-07
7.86324961951e-09	6.14424493506e-08
7.90441547224e-09	-2.66165272933e-07
7.94558132497e-09	-5.18809770256e-07
7.9867471777e-09	-6.36850927549e-07
8.02791303043e-09	-5.94860068759e-07
8.06907888316e-09	-4.07844964911e-07
8.11024473589e-09	-1.25709789245e-07
8.15141058862e-09	1.8066418761e-07
8.19257644135e-09	4.36512010538e-07
8.23374229408e-09	5.81380902531e-07
8.27490814681e-09	5.83394751175e-07
8.31607399954e-09	4.46243518581e-07
8.35723985227e-09	2.06369406897e-07
8.398405705e-09	-7.53896642891e-08
8.43957155774e-09	-3.29065954929e-07
8.48073741047e-09	-4.94374205573e-07
8.5219032632e-09	-5.33299044037e-07
8.56306911593e-09	-4.40195009332e-07
8.60423496866e-09	-2.41376341137e-07
8.64540082139e-09	1.21077050608e-08
8.68656667412e-09	2.57178243146e-07
8.72773252685e-09	4.34926477055e-07
8.76889837958e-09	5.03968976773e-07
8.81006423231e-09	4.50873045565e-07
8.85123008504e-09	2.92094426868e-07
8.89239593777e-09	6.83325538375e-08
8.9335617905e-09	-1.64245250289e-07
8.97472764323e-09	-3.48646381099e-07
9.01589349596e-09	-4.41950589902e-07
9.05705934869e-09	-4.23895812673e-07
9.09822520143e-09	-3.01779436995e-07
9.13939105416e-09	-1.0846744658e-07
9.18055690689e-09	1.07476267885e-07
9.22172275962e-09	2.92711007432e-07
9.26288861235e-09	4.03739079502e-07
9.30405446508e-09	4.15618046645e-07
9.34522031781e-09	3.28034502672e-07
9.38638617054e-09	1.65206301972e-07
9.42755202327e-09	-3.15918669003e-08
9.468717876e-09	-2.13715708242e-07
9.50988372873e-09	-3.37112965099e-07
9.55104958146e-09	-3.74135424863e-07
9.59221543419e-09	-3.17918193105e-07
9.63338128692e-09	-1.84316334639e-07
9.67454713965e-09	-8.1255961959e-09
9.71571299238e-09	1.66571481941e-07
9.75687884512e-09	2.97385497561e-07
9.79804469785e-09	3.54236789235e-07
9.83921055058e-09	3.25634829323e-07
9.88037640331e-09	2.20412886165e-07
9.92154225604e-09	6.63191599415e-08
9.96270810877e-09	-9.80312506726e-08
1.00038739615e-08	-2.32493320595e-07
1.00450398142e-08	-3.05251802502e-07
1.0086205667e-08	-3.00491365124e-07
