% time-domain current integration by openEMS v0.0.36-142-g32c5c6b @Fri Feb 20 22:33:31 2026
% start-coordinates: (-0.0118329,-0.0136385,0.0004) m -> [20,19,16]
% stop-coordinates: (-0.0075,-0.009,0.0004) m -> [21,20,16]
% t/s	current
5.60308752009e-13	0
4.31437739047e-11	5.05789614635e-08
8.57272390573e-11	-3.93371735186e-08
1.2831070421e-10	-1.379231378e-07
1.70894169363e-10	-2.2192664062e-07
2.13477634515e-10	-2.28417576409e-07
2.56061099668e-10	-9.39921989129e-08
2.98644564821e-10	1.63621422189e-07
3.41228029973e-10	4.93288325742e-07
3.83811495126e-10	7.28492295821e-07
4.26394960278e-10	6.98653423115e-07
4.68978425431e-10	2.53273015005e-07
5.11561890584e-10	-5.92837750446e-07
5.54145355736e-10	-1.56453825184e-06
5.96728820889e-10	-2.19375510824e-06
6.39312286042e-10	-1.93439018403e-06
6.81895751194e-10	-4.91574610351e-07
7.24479216347e-10	1.96095697902e-06
7.670626815e-10	4.5582310122e-06
8.09646146652e-10	5.96072277403e-06
8.52229611805e-10	4.85267264594e-06
8.94813076958e-10	6.75544811202e-07
9.3739654211e-10	-5.72050430492e-06
9.79980007263e-10	-1.19119204101e-05
1.02256347242e-09	-1.45716985571e-05
1.06514693757e-09	-1.08470012492e-05
1.10773040272e-09	-1.17679633149e-07
1.15031386787e-09	1.48430081026e-05
1.19289733303e-09	2.80181884591e-05
1.23548079818e-09	3.20551880577e-05
1.27806426333e-09	2.16666248889e-05
1.32064772848e-09	-2.95964355246e-06
1.36323119364e-09	-3.43566025549e-05
1.40581465879e-09	-5.92535652686e-05
1.44839812394e-09	-6.33961826679e-05
1.49098158909e-09	-3.84525410482e-05
1.53356505425e-09	1.20508520922e-05
1.5761485194e-09	7.10722015356e-05
1.61873198455e-09	0.00011272609845
1.66131544971e-09	0.000112663903565
1.70389891486e-09	6.03584849159e-05
1.74648238001e-09	-3.23334716086e-05
1.78906584516e-09	-0.00013158544607
1.83164931032e-09	-0.000192819876247
1.87423277547e-09	-0.000179680806468
1.91681624062e-09	-8.30526259961e-05
1.95939970577e-09	6.91866880516e-05
2.00198317093e-09	0.000218249551835
2.04456663608e-09	0.000296351878205
2.08715010123e-09	0.000256709812675
2.12973356638e-09	9.86763770925e-05
2.17231703154e-09	-0.000124935686472
2.21490049669e-09	-0.000324332911987
2.25748396184e-09	-0.000408771069488
2.30006742699e-09	-0.000327672518324
2.34265089215e-09	-9.82031051535e-05
2.3852343573e-09	0.000195102518774
2.42781782245e-09	0.000431580469012
2.47040128761e-09	0.000505007221363
2.51298475276e-09	0.000372048350982
2.55556821791e-09	7.60233087931e-05
2.59815168306e-09	-0.000266602495685
2.64073514822e-09	-0.000513339648023
2.68331861337e-09	-0.000556819315534
2.72590207852e-09	-0.000373014423531
2.76848554367e-09	-3.41968698194e-05
2.81106900883e-09	0.000320362014463
2.85365247398e-09	0.000543678528629
2.89623593913e-09	0.000544416252524
2.93881940428e-09	0.00032589721377
2.98140286944e-09	-1.65173660207e-05
3.02398633459e-09	-0.000338215089869
3.06656979974e-09	-0.00050858699251
3.1091532649e-09	-0.000466197030619
3.15173673005e-09	-0.000241706802626
3.1943201952e-09	6.03530279477e-05
3.23690366035e-09	0.000310867966618
3.27948712551e-09	0.000412940629758
3.32207059066e-09	0.000340542057529
3.36465405581e-09	0.000143098281114
3.40723752096e-09	-8.32801888464e-05
3.44982098612e-09	-0.000242249865551
3.49240445127e-09	-0.000278888997855
3.53498791642e-09	-0.000198225941858
3.57757138157e-09	-5.47518393432e-05
3.62015484673e-09	7.90187259554e-05
3.66273831188e-09	0.000147942497279
3.70532177703e-09	0.000136618924444
3.74790524219e-09	6.98042713339e-05
3.79048870734e-09	-6.43290877633e-06
3.83307217249e-09	-5.12017541041e-05
3.87565563764e-09	-4.87838588015e-05
3.9182391028e-09	-1.28891915665e-05
3.96082256795e-09	2.51440833381e-05
4.0034060331e-09	3.63617400581e-05
4.04598949825e-09	1.09947704914e-05
4.08857296341e-09	-3.66157692042e-05
4.13115642856e-09	-7.68738682382e-05
4.17373989371e-09	-8.20605200715e-05
4.21632335886e-09	-4.2294672312e-05
4.25890682402e-09	2.81128886854e-05
4.30149028917e-09	9.70373148448e-05
4.34407375432e-09	0.000130228843773
4.38665721947e-09	0.000108332213131
4.42924068463e-09	3.68574837921e-05
4.47182414978e-09	-5.56211416551e-05
4.51440761493e-09	-0.000130011147121
4.55699108009e-09	-0.000154018489411
4.59957454524e-09	-0.000116294184409
4.64215801039e-09	-3.12691627187e-05
4.68474147554e-09	6.71478192089e-05
4.7273249407e-09	0.000139842552016
4.76990840585e-09	0.000158479306265
4.812491871e-09	0.000116511910164
4.85507533615e-09	3.1091611163e-05
4.89765880131e-09	-6.44379542791e-05
4.94024226646e-09	-0.000133932539029
4.98282573161e-09	-0.000152266584337
5.02540919676e-09	-0.000114290502097
5.06799266192e-09	-3.58758916263e-05
5.11057612707e-09	5.2875639085e-05
5.15315959222e-09	0.000119313845062
5.19574305738e-09	0.000140271149576
5.23832652253e-09	0.000110073175165
5.28090998768e-09	4.18084091507e-05
5.32349345283e-09	-3.82598227588e-05
5.36607691799e-09	-0.000100820645457
5.40866038314e-09	-0.000124282334582
5.45124384829e-09	-0.000102255391539
5.49382731344e-09	-4.51147279819e-05
5.5364107786e-09	2.46273248194e-05
5.57899424375e-09	8.11956997495e-05
5.6215777089e-09	0.000105139661173
5.66416117405e-09	9.00683444343e-05
5.70674463921e-09	4.4143795094e-05
5.74932810436e-09	-1.38793811857e-05
5.79191156951e-09	-6.22718434897e-05
5.83449503466e-09	-8.44602254801e-05
5.87707849982e-09	-7.47326848796e-05
5.91966196497e-09	-3.93695700041e-05
5.96224543012e-09	6.67029780743e-06
6.00482889528e-09	4.59381008113e-05
6.04741236043e-09	6.50409347145e-05
6.08999582558e-09	5.90822673985e-05
6.13257929073e-09	3.26279041474e-05
6.17516275589e-09	-2.83860481431e-06
6.21774622104e-09	-3.36784687534e-05
6.26032968619e-09	-4.91990795126e-05
6.30291315134e-09	-4.52162239526e-05
6.3454966165e-09	-2.49812128459e-05
6.38808008165e-09	2.62189837485e-06
6.4306635468e-09	2.67454615823e-05
6.47324701195e-09	3.86708525184e-05
6.51583047711e-09	3.48587855115e-05
6.55841394226e-09	1.79097041837e-05
6.60099740741e-09	-4.783397344e-06
6.64358087257e-09	-2.40804110945e-05
6.68616433772e-09	-3.26579829562e-05
6.72874780287e-09	-2.77230465144e-05
6.77133126802e-09	-1.18811703942e-05
6.81391473318e-09	8.10254277894e-06
6.85649819833e-09	2.41176276177e-05
6.89908166348e-09	2.99389284919e-05
6.94166512863e-09	2.3596237952e-05
6.98424859379e-09	7.99582085165e-06
7.02683205894e-09	-1.04222444861e-05
7.06941552409e-09	-2.43441791099e-05
7.11199898924e-09	-2.84771485894e-05
7.1545824544e-09	-2.15102427319e-05
7.19716591955e-09	-6.44645024295e-06
7.2397493847e-09	1.07453197415e-05
7.28233284985e-09	2.35400075326e-05
7.32491631501e-09	2.7329675504e-05
7.36749978016e-09	2.10337639146e-05
7.41008324531e-09	7.30225519874e-06
7.45266671047e-09	-8.64282174007e-06
7.49525017562e-09	-2.10269699892e-05
7.53783364077e-09	-2.56000803347e-05
7.58041710592e-09	-2.10571561183e-05
7.62300057108e-09	-9.33773208089e-06
7.66558403623e-09	5.20830189998e-06
7.70816750138e-09	1.7439650037e-05
7.75075096653e-09	2.32253460126e-05
7.79333443169e-09	2.083079562e-05
7.83591789684e-09	1.14192807814e-05
7.87850136199e-09	-1.46819638758e-06
7.92108482714e-09	-1.32322356876e-05
7.9636682923e-09	-1.98667985387e-05
8.00625175745e-09	-1.93383275473e-05
8.0488352226e-09	-1.22213805298e-05
8.09141868776e-09	-1.37198048833e-06
8.13400215291e-09	9.20543152461e-06
8.17658561806e-09	1.58540879056e-05
8.21916908321e-09	1.65577494045e-05
8.26175254837e-09	1.15530338007e-05
8.30433601352e-09	3.07694290314e-06
8.34691947867e-09	-5.60188846066e-06
8.38950294382e-09	-1.14506228783e-05
8.43208640898e-09	-1.2741642422e-05
8.47466987413e-09	-9.53963171924e-06
8.51725333928e-09	-3.47992386196e-06
8.55983680443e-09	2.98708187074e-06
8.60242026959e-09	7.57451016398e-06
8.64500373474e-09	8.94080585567e-06
8.68758719989e-09	7.04973990651e-06
8.73017066504e-09	3.00904275718e-06
8.7727541302e-09	-1.46308877902e-06
8.81533759535e-09	-4.72461533718e-06
8.8579210605e-09	-5.77767650611e-06
8.90050452566e-09	-4.54385553894e-06
8.94308799081e-09	-1.78443315235e-06
8.98567145596e-09	1.26321810967e-06
9.02825492111e-09	3.38650693266e-06
9.07083838627e-09	3.84211625715e-06
9.11342185142e-09	2.6086854632e-06
9.15600531657e-09	3.40953420164e-07
9.19858878172e-09	-1.92210336536e-06
9.24117224688e-09	-3.18967477142e-06
9.28375571203e-09	-2.92584854833e-06
9.32633917718e-09	-1.2614195839e-06
9.36892264233e-09	1.06804156985e-06
9.41150610749e-09	3.03795422951e-06
9.45408957264e-09	3.76667094315e-06
9.49667303779e-09	2.89402487397e-06
9.53925650295e-09	7.32013177185e-07
9.5818399681e-09	-1.85872158909e-06
9.62442343325e-09	-3.8267785385e-06
9.6670068984e-09	-4.36091249867e-06
9.70959036356e-09	-3.21643892676e-06
9.75217382871e-09	-8.09240077615e-07
9.79475729386e-09	1.96091696125e-06
9.83734075901e-09	4.06447634305e-06
9.87992422417e-09	4.73709405924e-06
9.92250768932e-09	3.75131389774e-06
9.96509115447e-09	1.47957644003e-06
1.00076746196e-08	-1.26654470023e-06
1.00502580848e-08	-3.53773452844e-06
1.00928415499e-08	-4.58178374174e-06
1.01354250151e-08	-4.08471942137e-06
1.01780084802e-08	-2.2570748115e-06
1.02205919454e-08	2.62645698967e-07
1.02631754105e-08	2.63090191766e-06
1.03057588757e-08	4.08358982895e-06
1.03483423408e-08	4.17840010414e-06
1.0390925806e-08	2.93146194963e-06
1.04335092712e-08	7.963982398e-07
1.04760927363e-08	-1.49581615005e-06
1.05186762015e-08	-3.18862907989e-06
1.05612596666e-08	-3.75490367333e-06
1.06038431318e-08	-3.06837091557e-06
1.06464265969e-08	-1.4302040654e-06
1.06890100621e-08	5.54531993657e-07
1.07315935272e-08	2.20440483645e-06
1.07741769924e-08	3.00289661936e-06
1.08167604575e-08	2.76660011878e-06
1.08593439227e-08	1.68059773387e-06
1.09019273878e-08	1.96876840164e-07
1.0944510853e-08	-1.15134662337e-06
1.09870943181e-08	-1.94651101992e-06
1.10296777833e-08	-2.01376838049e-06
1.10722612484e-08	-1.44626324072e-06
1.11148447136e-08	-5.30471140792e-07
1.11574281787e-08	3.84337567993e-07
1.12000116439e-08	1.01440275557e-06
1.12425951091e-08	1.22254323287e-06
1.12851785742e-08	1.03502407001e-06
1.13277620394e-08	5.97520852352e-07
1.13703455045e-08	1.02934748725e-07
1.14129289697e-08	-2.82059374968e-07
1.14555124348e-08	-4.65293510388e-07
1.14980959e-08	-4.45188447884e-07
1.15406793651e-08	-2.92224910936e-07
1.15832628303e-08	-1.09757735345e-07
1.16258462954e-08	1.20442180673e-08
1.16684297606e-08	3.14879571306e-08
1.17110132257e-08	-3.09017309519e-08
1.17535966909e-08	-1.05704316411e-07
1.1796180156e-08	-1.13083615361e-07
1.18387636212e-08	-3.77193032364e-09
1.18813470863e-08	2.07777489436e-07
1.19239305515e-08	4.42469513473e-07
1.19665140166e-08	5.85988914281e-07
1.20090974818e-08	5.42070381471e-07
1.2051680947e-08	2.81865936813e-07
1.20942644121e-08	-1.30851276481e-07
1.21368478773e-08	-5.56817155939e-07
1.21794313424e-08	-8.31654119793e-07
1.22220148076e-08	-8.34886122902e-07
1.22645982727e-08	-5.41027077361e-07
1.23071817379e-08	-3.60686840395e-08
1.2349765203e-08	5.11892039867e-07
1.23923486682e-08	9.14626127724e-07
1.24349321333e-08	1.03295860754e-06
1.24775155985e-08	8.26030486678e-07
1.25200990636e-08	3.6328412989e-07
1.25626825288e-08	-2.03096021778e-07
1.26052659939e-08	-6.92122398505e-07
1.26478494591e-08	-9.53885546551e-07
1.26904329242e-08	-9.1456854534e-07
1.27330163894e-08	-5.95333006004e-07
1.27755998545e-08	-1.00862280306e-07
1.28181833197e-08	4.15246205421e-07
1.28607667849e-08	7.98206315267e-07
1.290335025e-08	9.37386744226e-07
1.29459337152e-08	7.98191592821e-07
1.29885171803e-08	4.31269654655e-07
1.30311006455e-08	-4.44326246907e-08
1.30736841106e-08	-4.7986577556e-07
