% time-domain voltage integration by openEMS v0.0.36-142-g32c5c6b @Fri Feb 20 22:33:31 2026
% start-coordinates: (-0.0075,-0.009,0) m -> [21,20,15]
% stop-coordinates: (-0.0075,-0.009,0.0016) m -> [21,20,19]
% t/s	voltage
0	-0
4.25834651526e-11	8.22799890443e-08
8.51669303053e-11	-1.38503935432e-06
1.27750395458e-10	-2.21540591383e-06
1.70333860611e-10	-2.25736999937e-06
2.12917325763e-10	-1.11071486231e-06
2.55500790916e-10	1.17831510238e-06
2.98084256069e-10	4.63146125185e-06
3.40667721221e-10	7.31167165213e-06
3.83251186374e-10	7.80864388616e-06
4.25834651526e-10	3.51161099843e-06
4.68418116679e-10	-5.31893908828e-06
5.11001581832e-10	-1.62420287779e-05
5.53585046984e-10	-2.4114826374e-05
5.96168512137e-10	-2.29769307225e-05
6.3875197729e-10	-8.77416778167e-06
6.81335442442e-10	1.78033883458e-05
7.23918907595e-10	4.79465898025e-05
7.66502372748e-10	6.6938207965e-05
8.090858379e-10	5.93240574744e-05
8.51669303053e-10	1.65046344591e-05
8.94252768206e-10	-5.47201725567e-05
9.36836233358e-10	-0.000129113865114
9.79419698511e-10	-0.000168878919794
1.02200316366e-09	-0.000138488932862
1.06458662882e-09	-2.46298300226e-05
1.10717009397e-09	0.000147555969306
1.14975355912e-09	0.000313051961712
1.19233702427e-09	0.000384324768675
1.23492048943e-09	0.000290671443508
1.27750395458e-09	1.96862956727e-05
1.32008741973e-09	-0.000355520794983
1.36267088488e-09	-0.000684916070895
1.40525435004e-09	-0.000791153550381
1.44783781519e-09	-0.000550914584892
1.49042128034e-09	2.6416444598e-05
1.5330047455e-09	0.000763060379541
1.57558821065e-09	0.00135265942663
1.6181716758e-09	0.00147351247142
1.66075514095e-09	0.000942514132475
1.70333860611e-09	-0.000160554904141
1.74592207126e-09	-0.001464252593
1.78850553641e-09	-0.00241274904693
1.83108900156e-09	-0.00248780788388
1.87367246672e-09	-0.00146192504326
1.91625593187e-09	0.000431696287706
1.95883939702e-09	0.00251498870784
2.00142286217e-09	0.0038905524998
2.04400632733e-09	0.00381562719122
2.08658979248e-09	0.00206965132384
2.12917325763e-09	-0.000857293023728
2.17175672279e-09	-0.00387277430855
2.21434018794e-09	-0.00568183616269
2.25692365309e-09	-0.00533669732977
2.29950711824e-09	-0.00270296994131
2.3420905834e-09	0.00137959144195
2.38467404855e-09	0.00535173004027
2.4272575137e-09	0.00753511849325
2.46984097885e-09	0.00684526248369
2.51242444401e-09	0.00331027945504
2.55500790916e-09	-0.00184919839376
2.59759137431e-09	-0.00664735911414
2.64017483946e-09	-0.00911503168754
2.68275830462e-09	-0.00812122435309
2.72534176977e-09	-0.003883180907
2.76792523492e-09	0.00206433131825
2.81050870007e-09	0.00744438078254
2.85309216523e-09	0.010134968441
2.89567563038e-09	0.00902130780742
2.93825909553e-09	0.00445420295
2.98084256069e-09	-0.00187205444672
3.02342602584e-09	-0.0075727882795
3.06600949099e-09	-0.0104932573158
3.10859295614e-09	-0.0095322879497
3.1511764213e-09	-0.00505111832172
3.19375988645e-09	0.00127847248223
3.2363433516e-09	0.00711449980736
3.27892681675e-09	0.0103207137436
3.32151028191e-09	0.00974731240422
3.36409374706e-09	0.0056359077571
3.40667721221e-09	-0.000487351157062
3.44926067736e-09	-0.00638031796552
3.49184414252e-09	-0.0099012106657
3.53442760767e-09	-0.00978211476468
3.57701107282e-09	-0.00608532200567
3.61959453798e-09	-0.000180886345333
3.66217800313e-09	0.00574918696657
3.70476146828e-09	0.00950768077746
3.74734493343e-09	0.00969602237456
3.78992839859e-09	0.00624525174499
3.83251186374e-09	0.000458551672637
3.87509532889e-09	-0.00546544033568
3.91767879404e-09	-0.00926295551471
3.9602622592e-09	-0.00947748427279
4.00284572435e-09	-0.00603463826701
4.0454291895e-09	-0.000284038294922
4.08801265465e-09	0.00552151561715
4.13059611981e-09	0.00911153224297
4.17317958496e-09	0.00909740827046
4.21576305011e-09	0.00552204821724
4.25834651526e-09	-0.000165125096828
4.30092998042e-09	-0.0056979568908
4.34351344557e-09	-0.00890574418008
4.38609691072e-09	-0.00857439078391
4.42868037588e-09	-0.00490844366141
4.47126384103e-09	0.000583900517086
4.51384730618e-09	0.00572110910434
4.55643077133e-09	0.00852511473931
4.59901423649e-09	0.00798591785133
4.64159770164e-09	0.00441710045561
4.68418116679e-09	-0.000719399176887
4.72676463194e-09	-0.00542310695164
4.7693480971e-09	-0.00794057897292
4.81193156225e-09	-0.00741529883817
4.8545150274e-09	-0.00416430144105
4.89709849255e-09	0.000499755406054
4.93968195771e-09	0.00480499176774
4.98226542286e-09	0.00719452893827
5.02484888801e-09	0.00688297732268
5.06743235317e-09	0.00410135753918
5.11001581832e-09	-3.84770009987e-05
5.15259928347e-09	-0.00398844992742
5.19518274862e-09	-0.00634135247674
5.23776621378e-09	-0.00632859498728
5.28034967893e-09	-0.00406478892546
5.32293314408e-09	-0.000465224409709
5.36551660923e-09	0.00312042038422
5.40810007439e-09	0.00541324610822
5.45068353954e-09	0.00566259969492
5.49326700469e-09	0.00389073818224
5.53585046984e-09	0.000845796763315
5.578433935e-09	-0.00230809935601
5.62101740015e-09	-0.00443662807811
5.6636008653e-09	-0.00484642910305
5.70618433045e-09	-0.00351008557482
5.74876779561e-09	-0.00103265955113
5.79135126076e-09	0.00161339563783
5.83393472591e-09	0.00346881808946
5.87651819107e-09	0.00393597094808
5.91910165622e-09	0.0029676729464
5.96168512137e-09	0.00103756945464
6.00426858652e-09	-0.00107697572093
6.04685205168e-09	-0.0026035461342
6.08943551683e-09	-0.00305276090512
6.13201898198e-09	-0.00236816750839
6.17460244713e-09	-0.00090531152091
6.21718591229e-09	0.000734414556064
6.25976937744e-09	0.00194288374041
6.30235284259e-09	0.00232398306252
6.34493630774e-09	0.00181685504504
6.3875197729e-09	0.000688553569489
6.43010323805e-09	-0.000589781542658
6.4726867032e-09	-0.00153007614426
6.51527016836e-09	-0.00180710293353
6.55785363351e-09	-0.00136695976835
6.60043709866e-09	-0.000429317267844
6.64302056381e-09	0.000611156123341
6.68560402897e-09	0.00134374835761
6.72818749412e-09	0.00149913388304
6.77077095927e-09	0.00104606634704
6.81335442442e-09	0.000192673294805
6.85593788958e-09	-0.000704672216671
6.89852135473e-09	-0.00128700732603
6.94110481988e-09	-0.00133349190583
6.98368828503e-09	-0.000843187692226
7.02627175019e-09	-2.68024496108e-05
7.06885521534e-09	0.00078437202319
7.11143868049e-09	0.00127289548982
7.15402214564e-09	0.00125808524899
7.1966056108e-09	0.000759990260121
7.23918907595e-09	-1.71093283825e-05
7.2817725411e-09	-0.000771129096393
7.32435600626e-09	-0.00122087166528
7.36693947141e-09	-0.00120990807773
7.40952293656e-09	-0.000757813162636
7.45210640171e-09	-4.3838754209e-05
7.49468986687e-09	0.000666366657242
7.53727333202e-09	0.00112021560199
7.57985679717e-09	0.00116711904411
7.62244026232e-09	0.000805979143479
7.66502372748e-09	0.000178236405191
7.70760719263e-09	-0.000488260484417
7.75019065778e-09	-0.000961625875789
7.79277412293e-09	-0.00108624951099
7.83535758809e-09	-0.000833376776427
7.87794105324e-09	-0.000305901099637
7.92052451839e-09	0.000302517582895
7.96310798355e-09	0.000778474917752
8.0056914487e-09	0.000964314996963
8.04827491385e-09	0.000811157166027
8.090858379e-09	0.00039128697972
8.13344184416e-09	-0.000133512294269
8.17602530931e-09	-0.000574342382606
8.21860877446e-09	-0.000784402800491
8.26119223961e-09	-0.000708802122972
8.30377570477e-09	-0.000397770549171
8.34635916992e-09	1.96782411876e-05
8.38894263507e-09	0.000388649532397
8.43152610022e-09	0.000586434063734
8.47410956538e-09	0.000563315465115
8.51669303053e-09	0.000352576935256
8.55927649568e-09	4.95696649523e-05
8.60185996083e-09	-0.000229555887927
8.64444342599e-09	-0.00039149778604
8.68702689114e-09	-0.000395931456296
8.72961035629e-09	-0.0002629141527
8.77219382145e-09	-5.80563619224e-05
8.8147772866e-09	0.000136471793667
8.85736075175e-09	0.000253018195508
8.8999442169e-09	0.000260584136413
8.94252768206e-09	0.00017140439013
8.98511114721e-09	3.1709583709e-05
9.02769461236e-09	-9.87187049759e-05
9.07027807751e-09	-0.000169790844666
9.11286154267e-09	-0.000159267125127
9.15544500782e-09	-7.91928887338e-05
9.19802847297e-09	3.10513987642e-05
9.24061193812e-09	0.00012170789887
9.28319540328e-09	0.000153364195285
9.32577886843e-09	0.000112911942779
9.36836233358e-09	1.86306701835e-05
9.41094579874e-09	-8.79335566424e-05
9.45352926389e-09	-0.000159551422257
9.49611272904e-09	-0.000163480766787
9.53869619419e-09	-9.53473845584e-05
9.58127965935e-09	1.87938076124e-05
9.6238631245e-09	0.000133179670229
9.66644658965e-09	0.00020117195163
9.7090300548e-09	0.000194289332285
9.75161351996e-09	0.000113525416964
9.79419698511e-09	-1.1331313317e-05
9.83678045026e-09	-0.000133803794597
9.87936391541e-09	-0.000208776789805
9.92194738057e-09	-0.000209367131902
9.96453084572e-09	-0.000136119895615
1.00071143109e-08	-1.57437784765e-05
1.0049697776e-08	0.000109427328425
1.00922812412e-08	0.000196812008653
1.01348647063e-08	0.000218085649976
1.01774481715e-08	0.000168024922459
1.02200316366e-08	6.51683512842e-05
1.02626151018e-08	-5.52746878384e-05
1.03051985669e-08	-0.000153557321028
1.03477820321e-08	-0.000198465437279
1.03903654972e-08	-0.000177206275112
1.04329489624e-08	-9.90063435893e-05
1.04755324276e-08	8.54610607348e-06
1.05181158927e-08	0.0001091794893
1.05606993579e-08	0.000170286086359
1.0603282823e-08	0.00017383994782
1.06458662882e-08	0.000121928664157
1.06884497533e-08	3.51651433448e-05
1.07310332185e-08	-5.54050320716e-05
1.07736166836e-08	-0.000119667634863
1.08162001488e-08	-0.000138831223012
1.08587836139e-08	-0.000111038358227
1.09013670791e-08	-5.04459130752e-05
1.09439505442e-08	1.93400601347e-05
1.09865340094e-08	7.45711313357e-05
1.10291174745e-08	9.95240225166e-05
1.10717009397e-08	9.08083147806e-05
1.11142844048e-08	5.66110065847e-05
1.115686787e-08	1.20559016068e-05
1.11994513351e-08	-2.71271051133e-05
1.12420348003e-08	-4.98962790516e-05
1.12846182655e-08	-5.26671101397e-05
1.13272017306e-08	-3.8925327317e-05
1.13697851958e-08	-1.66395075212e-05
1.14123686609e-08	5.33985917173e-06
1.14549521261e-08	2.02926557904e-05
1.14975355912e-08	2.54488600149e-05
1.15401190564e-08	2.20746455852e-05
1.15827025215e-08	1.42061439874e-05
1.16252859867e-08	6.60287355458e-06
1.16678694518e-08	2.7104201763e-06
1.1710452917e-08	3.34520819933e-06
1.17530363821e-08	6.54958307678e-06
1.17956198473e-08	8.75142086443e-06
1.18382033124e-08	6.66578364417e-06
1.18807867776e-08	-8.17663504904e-07
1.19233702427e-08	-1.17011090879e-05
1.19659537079e-08	-2.13914322558e-05
1.2008537173e-08	-2.46644844992e-05
1.20511206382e-08	-1.81550767593e-05
1.20937041034e-08	-2.31003258477e-06
1.21362875685e-08	1.8238472876e-05
1.21788710337e-08	3.61593247362e-05
1.22214544988e-08	4.42809305241e-05
1.2264037964e-08	3.85772309528e-05
1.23066214291e-08	2.00080521608e-05
1.23492048943e-08	-5.60188448162e-06
1.23917883594e-08	-2.96301204799e-05
1.24343718246e-08	-4.38249962826e-05
1.24769552897e-08	-4.32968563473e-05
1.25195387549e-08	-2.8190941066e-05
1.256212222e-08	-3.5068607076e-06
1.26047056852e-08	2.27517257372e-05
1.26472891503e-08	4.23323645009e-05
1.26898726155e-08	4.93590305268e-05
1.27324560806e-08	4.20429423684e-05
1.27750395458e-08	2.30210816881e-05
1.28176230109e-08	-1.63725181324e-06
1.28602064761e-08	-2.43832255364e-05
1.29027899413e-08	-3.84731310987e-05
1.29453734064e-08	-3.99418759116e-05
1.29879568716e-08	-2.87364209726e-05
1.30305403367e-08	-8.65448464538e-06
1.30731238019e-08	1.38862064887e-05
