% time-domain voltage integration by openEMS v0.0.36-142-g32c5c6b @Thu Apr  9 10:25:41 2026
% start-coordinates: (-0.005,0,0) m -> [23,24,15]
% stop-coordinates: (-0.005,0,0.0016) m -> [23,24,19]
% t/s	voltage
0	-0
4.11658527306e-11	6.18073613623e-07
8.23317054613e-11	5.41400240195e-07
1.23497558192e-10	5.21030116829e-08
1.64663410923e-10	-7.8042059215e-07
2.05829263653e-10	-1.64004578096e-06
2.46995116384e-10	-1.92087151163e-06
2.88160969114e-10	-1.22756154042e-06
3.29326821845e-10	5.63411731491e-07
3.70492674576e-10	3.07752037543e-06
4.11658527306e-10	5.26481505858e-06
4.52824380037e-10	5.63795015296e-06
4.93990232768e-10	3.01625271959e-06
5.35156085498e-10	-2.71945953045e-06
5.76321938229e-10	-9.81590460469e-06
6.1748779096e-10	-1.50157677581e-05
6.5865364369e-10	-1.44897644532e-05
6.99819496421e-10	-5.63378841889e-06
7.40985349151e-10	1.06044976746e-05
7.82151201882e-10	2.84673119495e-05
8.23317054613e-10	3.90311215597e-05
8.64482907343e-10	3.3361558053e-05
9.05648760074e-10	7.34908576305e-06
9.46814612805e-10	-3.34947371812e-05
9.87980465535e-10	-7.34461209504e-05
1.02914631827e-09	-9.08697620616e-05
1.070312171e-09	-6.77062507748e-05
1.11147802373e-09	-6.79713139107e-07
1.15264387646e-09	9.16288790904e-05
1.19380972919e-09	0.000170123719727
1.23497558192e-09	0.000189517002582
1.27614143465e-09	0.000119674417874
1.31730728738e-09	-3.33930220222e-05
1.35847314011e-09	-0.000218598859647
1.39963899284e-09	-0.000352564500645
1.44080484557e-09	-0.000352523973561
1.4819706983e-09	-0.0001793983065
1.52313655103e-09	0.000130013351736
1.56430240376e-09	0.000460162460513
1.60546825649e-09	0.000654356641462
1.64663410923e-09	0.00058322554105
1.68779996196e-09	0.000216082265979
1.72896581469e-09	-0.000339627440553
1.77013166742e-09	-0.000859458916239
1.81129752015e-09	-0.00108673248906
1.85246337288e-09	-0.000851997523569
1.89362922561e-09	-0.000174018510734
1.93479507834e-09	0.000712279230356
1.97596093107e-09	0.00142886149115
2.0171267838e-09	0.00161143363221
2.05829263653e-09	0.00108677553362
2.09945848926e-09	-1.28854808281e-05
2.14062434199e-09	-0.00126569130225
2.18179019472e-09	-0.0021176932496
2.22295604745e-09	-0.00212677539093
2.26412190018e-09	-0.00118528376333
2.30528775292e-09	0.000388746644603
2.34645360565e-09	0.00195148034254
2.38761945838e-09	0.00279844127363
2.42878531111e-09	0.00248516461579
2.46995116384e-09	0.00105617806548
2.51111701657e-09	-0.000935247109737
2.5522828693e-09	-0.00264276796952
2.59344872203e-09	-0.0032942937105
2.63461457476e-09	-0.00254831911298
2.67578042749e-09	-0.000671721703839
2.71694628022e-09	0.00155383034144
2.75811213295e-09	0.00316544389352
2.79927798568e-09	0.00344708864577
2.84044383841e-09	0.00225691741798
2.88160969114e-09	0.000100123157608
2.92277554388e-09	-0.00209032365819
2.96394139661e-09	-0.00336823606631
3.00510724934e-09	-0.00319454172859
3.04627310207e-09	-0.00167194928508
3.0874389548e-09	0.000511361984536
3.12860480753e-09	0.00239899533335
3.16977066026e-09	0.00319507275708
3.21093651299e-09	0.0026078269002
3.25210236572e-09	0.000956192743615
3.29326821845e-09	-0.000998587289359
3.33443407118e-09	-0.00240856519667
3.37559992391e-09	-0.0027127500507
3.41676577664e-09	-0.00186160672456
3.45793162937e-09	-0.000302422602545
3.4990974821e-09	0.00125150434906
3.54026333483e-09	0.00214903231245
3.58142918757e-09	0.00207488093292
3.6225950403e-09	0.00115325345541
3.66376089303e-09	-0.000148084960529
3.70492674576e-09	-0.00125133435358
3.74609259849e-09	-0.00172454447602
3.78725845122e-09	-0.00144658781937
3.82842430395e-09	-0.000620647784672
3.86959015668e-09	0.000350747039192
3.91075600941e-09	0.00105845721555
3.95192186214e-09	0.00125608727103
3.99308771487e-09	0.00093759385345
4.0342535676e-09	0.000304054425214
4.07541942033e-09	-0.0003497384605
4.11658527306e-09	-0.000768733443692
4.15775112579e-09	-0.000832507445011
4.19891697852e-09	-0.000579241765081
4.24008283126e-09	-0.000161517469678
4.28124868399e-09	0.000235094659729
4.32241453672e-09	0.000470472383313
4.36358038945e-09	0.000494140156661
4.40474624218e-09	0.000344808082446
4.44591209491e-09	0.000115179800559
4.48707794764e-09	-9.59356621024e-05
4.52824380037e-09	-0.000222081427637
4.5694096531e-09	-0.000245170253038
4.61057550583e-09	-0.000188476737094
4.65174135856e-09	-9.56315689109e-05
4.69290721129e-09	-7.90809144746e-06
4.73407306402e-09	5.04104409629e-05
4.77523891675e-09	7.50685085222e-05
4.81640476948e-09	7.55332494009e-05
4.85757062222e-09	6.50960773783e-05
4.89873647495e-09	5.29612543687e-05
4.93990232768e-09	4.13233174186e-05
4.98106818041e-09	2.73537698376e-05
5.02223403314e-09	7.62338117966e-06
5.06339988587e-09	-1.79910207407e-05
5.1045657386e-09	-4.48762484666e-05
5.14573159133e-09	-6.52556773275e-05
5.18689744406e-09	-7.15342775948e-05
5.22806329679e-09	-5.97753969487e-05
5.26922914952e-09	-3.16075720548e-05
5.31039500225e-09	5.97559903781e-06
5.35156085498e-09	4.28194489359e-05
5.39272670771e-09	6.88261497999e-05
5.43389256044e-09	7.69889211369e-05
5.47505841317e-09	6.53382812743e-05
5.51622426591e-09	3.72972017431e-05
5.55739011864e-09	4.73678710478e-07
5.59855597137e-09	-3.55248057531e-05
5.6397218241e-09	-6.1687294874e-05
5.68088767683e-09	-7.18504015822e-05
5.72205352956e-09	-6.40530797682e-05
5.76321938229e-09	-4.04441288993e-05
5.80438523502e-09	-7.96350764176e-06
5.84555108775e-09	2.539656316e-05
5.88671694048e-09	5.1596929552e-05
5.92788279321e-09	6.4558827944e-05
5.96904864594e-09	6.16417364654e-05
6.01021449867e-09	4.39702571384e-05
6.0513803514e-09	1.61888406183e-05
6.09254620413e-09	-1.4700382053e-05
6.13371205686e-09	-4.11435221395e-05
6.1748779096e-09	-5.68229434066e-05
6.21604376233e-09	-5.82301454415e-05
6.25720961506e-09	-4.54184500995e-05
6.29837546779e-09	-2.1899586045e-05
6.33954132052e-09	6.42748489099e-06
6.38070717325e-09	3.2433900742e-05
6.42187302598e-09	4.99210527778e-05
6.46303887871e-09	5.49636943106e-05
6.50420473144e-09	4.66653737021e-05
6.54537058417e-09	2.73169061984e-05
6.5865364369e-09	2.05563588906e-06
6.62770228963e-09	-2.28904236792e-05
6.66886814236e-09	-4.14927317252e-05
6.71003399509e-09	-4.94318865094e-05
6.75119984782e-09	-4.50577754236e-05
6.79236570055e-09	-2.98010104416e-05
6.83353155329e-09	-7.63708544582e-06
6.87469740602e-09	1.59227761287e-05
6.91586325875e-09	3.51311591658e-05
6.95702911148e-09	4.53718157587e-05
6.99819496421e-09	4.44381412308e-05
7.03936081694e-09	3.28986270688e-05
7.08052666967e-09	1.38556583806e-05
7.1216925224e-09	-7.83007817518e-06
7.16285837513e-09	-2.69099646175e-05
7.20402422786e-09	-3.87968257201e-05
7.24519008059e-09	-4.08550758948e-05
7.28635593332e-09	-3.27929228661e-05
7.32752178605e-09	-1.68964402292e-05
7.36868763878e-09	2.81070072106e-06
7.40985349151e-09	2.14811147998e-05
7.45101934425e-09	3.45564913005e-05
7.49218519698e-09	3.90029763366e-05
7.53335104971e-09	3.39972175425e-05
7.57451690244e-09	2.1118193672e-05
7.61568275517e-09	3.63938778492e-06
7.6568486079e-09	-1.41074829116e-05
7.69801446063e-09	-2.78059333141e-05
7.73918031336e-09	-3.42314142472e-05
7.78034616609e-09	-3.20027120324e-05
7.82151201882e-09	-2.19376934183e-05
7.86267787155e-09	-6.7041995635e-06
7.90384372428e-09	9.87995349533e-06
7.94500957701e-09	2.38030274886e-05
7.98617542974e-09	3.17491103488e-05
8.02734128247e-09	3.1908460187e-05
8.0685071352e-09	2.44822367677e-05
8.10967298794e-09	1.15038449167e-05
8.15083884067e-09	-3.71808334876e-06
8.1920046934e-09	-1.74572160176e-05
8.23317054613e-09	-2.64150098701e-05
8.27433639886e-09	-2.85691853605e-05
8.31550225159e-09	-2.35965126194e-05
8.35666810432e-09	-1.28793340082e-05
8.39783395705e-09	8.45223752322e-07
8.43899980978e-09	1.41413531765e-05
8.48016566251e-09	2.38222582993e-05
8.52133151524e-09	2.76163609669e-05
8.56249736797e-09	2.47758084697e-05
8.6036632207e-09	1.61910797942e-05
8.64482907343e-09	4.08633331972e-06
8.68599492616e-09	-8.4921114194e-06
8.72716077889e-09	-1.84983296094e-05
8.76832663163e-09	-2.35686125052e-05
8.80949248436e-09	-2.26234228649e-05
8.85065833709e-09	-1.60737995429e-05
8.89182418982e-09	-5.62756019917e-06
8.93299004255e-09	6.066879223e-06
8.97415589528e-09	1.61357502293e-05
9.01532174801e-09	2.218922873e-05
9.05648760074e-09	2.28701806009e-05
9.09765345347e-09	1.81593445632e-05
9.1388193062e-09	9.35136108637e-06
9.17998515893e-09	-1.30049954805e-06
9.22115101166e-09	-1.11604401809e-05
9.26231686439e-09	-1.78699706339e-05
9.30348271712e-09	-1.98968423319e-05
9.34464856985e-09	-1.68777414729e-05
9.38581442259e-09	-9.68031554294e-06
9.42698027532e-09	-1.5892322125e-07
9.46814612805e-09	9.30831265578e-06
9.50931198078e-09	1.64236157616e-05
9.55047783351e-09	1.9549654553e-05
9.59164368624e-09	1.80326655936e-05
9.63280953897e-09	1.23514587358e-05
9.6739753917e-09	4.00350711516e-06
9.71514124443e-09	-4.89865601594e-06
9.75630709716e-09	-1.21782161386e-05
9.79747294989e-09	-1.61328407557e-05
9.83863880262e-09	-1.59060655278e-05
9.87980465535e-09	-1.16573014566e-05
9.92097050808e-09	-4.5270459168e-06
9.96213636081e-09	3.68181133581e-06
1.00033022135e-08	1.09486111342e-05
1.00444680663e-08	1.55338916557e-05
1.0085633919e-08	1.64050907188e-05
1.01267997717e-08	1.34527999762e-05
1.01679656245e-08	7.50219612655e-06
1.02091314772e-08	7.37358973879e-08
1.02502973299e-08	-6.98739086147e-06
1.02914631827e-08	-1.19804763017e-05
1.03326290354e-08	-1.37593053751e-05
1.03737948881e-08	-1.19768812965e-05
1.04149607409e-08	-7.16836893844e-06
1.04561265936e-08	-5.83318012559e-07
1.04972924463e-08	6.13530437477e-06
1.0538458299e-08	1.13631183467e-05
1.05796241518e-08	1.38740813327e-05
1.06207900045e-08	1.31261663228e-05
1.06619558572e-08	9.39386995924e-06
1.070312171e-08	3.66825310039e-06
1.07442875627e-08	-2.60857359535e-06
1.07854534154e-08	-7.89849377725e-06
1.08266192682e-08	-1.09530358259e-05
1.08677851209e-08	-1.10906546524e-05
1.09089509736e-08	-8.36396884552e-06
1.09501168263e-08	-3.51004297272e-06
1.09912826791e-08	2.23778903319e-06
1.10324485318e-08	7.45953821024e-06
1.10736143845e-08	1.09091201921e-05
1.11147802373e-08	1.17990875879e-05
1.115594609e-08	9.97987490337e-06
1.11971119427e-08	5.9751629351e-06
1.12382777955e-08	8.08689918586e-07
1.12794436482e-08	-4.23257745297e-06
1.13206095009e-08	-7.92824585005e-06
1.13617753537e-08	-9.42171027418e-06
1.14029412064e-08	-8.41315272737e-06
1.14441070591e-08	-5.22110690326e-06
1.14852729118e-08	-6.77066779531e-07
1.15264387646e-08	4.08425387377e-06
1.15676046173e-08	7.90475951362e-06
1.160877047e-08	9.88107126432e-06
1.16499363228e-08	9.58624605119e-06
