% time-domain voltage integration by openEMS v0.0.36-142-g32c5c6b @Thu Apr  9 10:24:45 2026
% start-coordinates: (0,0,0) m -> [24,24,15]
% stop-coordinates: (0,0,0.0016) m -> [24,24,19]
% t/s	voltage
0	-0
4.1522569378e-11	9.21575292523e-07
8.3045138756e-11	7.92269872818e-07
1.24567708134e-10	1.2936174798e-07
1.66090277512e-10	-1.1318107056e-06
2.0761284689e-10	-2.39131668422e-06
2.49135416268e-10	-2.74798770761e-06
2.90657985646e-10	-1.63405462672e-06
3.32180555024e-10	1.19162319834e-06
3.73703124402e-10	4.97088831253e-06
4.1522569378e-10	7.77800369178e-06
4.56748263158e-10	7.68659901951e-06
4.98270832536e-10	3.19806167681e-06
5.39793401914e-10	-5.42940199466e-06
5.81315971292e-10	-1.56331925609e-05
6.2283854067e-10	-2.21549562411e-05
6.64361110048e-10	-1.92671836885e-05
7.05883679426e-10	-3.91980620407e-06
7.47406248804e-10	2.09036384149e-05
7.88928818182e-10	4.57215292045e-05
8.3045138756e-10	5.68739669689e-05
8.71973956938e-10	4.15251324739e-05
9.13496526316e-10	-3.16764248964e-06
9.55019095694e-10	-6.53110291751e-05
9.96541665072e-10	-0.000117910469271
1.03806423445e-09	-0.000128721560031
1.07958680383e-09	-7.51594197936e-05
1.12110937321e-09	3.89787619497e-05
1.16263194258e-09	0.000175288176251
1.20415451196e-09	0.00026962767879
1.24567708134e-09	0.000257094070548
1.28719965072e-09	0.000107487252535
1.3287222201e-09	-0.00014738052414
1.37024478947e-09	-0.000409736472648
1.41176735885e-09	-0.000546567738638
1.45328992823e-09	-0.00044904492097
1.49481249761e-09	-9.72918351181e-05
1.53633506699e-09	0.000403519778047
1.57785763636e-09	0.000842284847749
1.61938020574e-09	0.000982148543699
1.66090277512e-09	0.000675691655488
1.7024253445e-09	-3.66942149412e-05
1.74394791388e-09	-0.00090109926532
1.78547048325e-09	-0.00152841201634
1.82699305263e-09	-0.00155932782218
1.86851562201e-09	-0.000851169854286
1.91003819139e-09	0.000405023834901
1.95156076077e-09	0.00171243146178
1.99308333014e-09	0.00245454726974
2.03460589952e-09	0.00217687577242
2.0761284689e-09	0.000837741128635
2.11765103828e-09	-0.00110216700705
2.15917360766e-09	-0.00282349082408
2.20069617704e-09	-0.0034899287275
2.24221874641e-09	-0.00264804449398
2.28374131579e-09	-0.000495431551826
2.32526388517e-09	0.00213153584627
2.36678645455e-09	0.00407948589418
2.40830902393e-09	0.00438819243573
2.4498315933e-09	0.00276176672196
2.49135416268e-09	-0.000230481731705
2.53287673206e-09	-0.0033458074322
2.57439930144e-09	-0.00519286328927
2.61592187082e-09	-0.00486512784846
2.65744444019e-09	-0.00238886510488
2.69896700957e-09	0.0012383221765
2.74048957895e-09	0.00445799005684
2.78201214833e-09	0.005838729674
2.82353471771e-09	0.00472974823788
2.86505728708e-09	0.00157377592404
2.90657985646e-09	-0.00227379845455
2.94810242584e-09	-0.00514464615844
2.98962499522e-09	-0.00580264301971
3.0311475646e-09	-0.00399237370584
3.07267013397e-09	-0.000540439796168
3.11419270335e-09	0.00303151574917
3.15571527273e-09	0.00519610673655
3.19723784211e-09	0.00509172328748
3.23876041149e-09	0.00287265860243
3.28028298086e-09	-0.000406595267123
3.32180555024e-09	-0.00329947262071
3.36332811962e-09	-0.00461889791768
3.404850689e-09	-0.00393295008689
3.44637325838e-09	-0.00169435047428
3.48789582775e-09	0.00102651678026
3.52941839713e-09	0.00305489695165
3.57094096651e-09	0.00362368329661
3.61246353589e-09	0.00265874963952
3.65398610527e-09	0.000735434514354
3.69550867464e-09	-0.00123971447465
3.73703124402e-09	-0.00245222524973
3.7785538134e-09	-0.00251113064587
3.82007638278e-09	-0.0015566413349
3.86159895216e-09	-0.000126819781144
3.90312152153e-09	0.00112577242544
3.94464409091e-09	0.00172371440567
3.98616666029e-09	0.00153567970847
4.02768922967e-09	0.000773712759838
4.06921179905e-09	-0.000153310749738
4.11073436842e-09	-0.000843597023049
4.1522569378e-09	-0.00106681880425
4.19377950718e-09	-0.000826393792522
4.23530207656e-09	-0.000312510252115
4.27682464594e-09	0.000213420178625
4.31834721531e-09	0.000540334862308
4.35986978469e-09	0.000582986875088
4.40139235407e-09	0.00038913548633
4.44291492345e-09	9.03060790733e-05
4.48443749283e-09	-0.000170817336766
4.5259600622e-09	-0.000300859399431
4.56748263158e-09	-0.00028157253837
4.60900520096e-09	-0.00015868823175
4.65052777034e-09	-7.33255728846e-06
4.69205033972e-09	0.000105789789814
4.73357290909e-09	0.000146953341755
4.77509547847e-09	0.000120111615615
4.81661804785e-09	5.49508085896e-05
4.85814061723e-09	-1.21609355119e-05
4.89966318661e-09	-5.45967523067e-05
4.94118575598e-09	-6.32943265373e-05
4.98270832536e-09	-4.51399755548e-05
5.02423089474e-09	-1.54764734361e-05
