% time-domain current integration by openEMS v0.0.36-142-g32c5c6b @Thu Apr  9 10:24:45 2026
% start-coordinates: (-0.0030158,-0.00450315,0.0004) m -> [23,23,16]
% stop-coordinates: (0,0,0.0004) m -> [24,24,16]
% t/s	current
5.61115802406e-13	0
4.20836851804e-11	5.6251263203e-08
8.36062545584e-11	8.56200514932e-08
1.25128823936e-10	8.12189000499e-08
1.66651393314e-10	3.06219831714e-08
2.08173962693e-10	-7.6685076067e-08
2.49696532071e-10	-2.0754811203e-07
2.91219101449e-10	-2.96950219081e-07
3.32741670827e-10	-2.64528324578e-07
3.74264240205e-10	-5.30644648222e-08
4.15786809583e-10	3.12272476322e-07
4.57309378961e-10	7.01620706423e-07
4.98831948339e-10	8.99393967302e-07
5.40354517717e-10	6.8863261049e-07
5.81877087095e-10	-2.18013376241e-08
6.23399656473e-10	-1.09122834147e-06
6.64922225851e-10	-2.10190000871e-06
7.06444795229e-10	-2.44290004048e-06
7.47967364607e-10	-1.60224362844e-06
7.89489933985e-10	5.17959165336e-07
8.31012503363e-10	3.34040896632e-06
8.72535072741e-10	5.64790661883e-06
9.14057642119e-10	5.93420372752e-06
9.55580211497e-10	3.18833053825e-06
9.97102780875e-10	-2.41695101977e-06
1.03862535025e-09	-9.05450542632e-06
1.08014791963e-09	-1.36204271257e-05
1.12167048901e-09	-1.28957844936e-05
1.16319305839e-09	-5.23656262885e-06
1.20471562776e-09	7.94018160377e-06
1.24623819714e-09	2.18122549995e-05
1.28776076652e-09	2.94844394375e-05
1.3292833359e-09	2.49255608651e-05
1.37080590528e-09	6.40638745608e-06
1.41232847466e-09	-2.12099257624e-05
1.45385104403e-09	-4.68981779704e-05
1.49537361341e-09	-5.72590797674e-05
1.53689618279e-09	-4.26875667472e-05
1.57841875217e-09	-3.32968011207e-06
1.61994132155e-09	4.8281654017e-05
1.66146389092e-09	9.02156243683e-05
1.7029864603e-09	9.9700409919e-05
1.74450902968e-09	6.42283557681e-05
1.78603159906e-09	-9.76669889496e-06
1.82755416844e-09	-9.57225565799e-05
1.86907673781e-09	-0.000155490590259
1.91059930719e-09	-0.000155447793077
1.95212187657e-09	-8.37314728415e-05
1.99364444595e-09	3.98097035941e-05
2.03516701533e-09	0.000167209786014
2.0766895847e-09	0.00024030325585
2.11821215408e-09	0.000216633023228
2.15973472346e-09	9.20398961171e-05
2.20125729284e-09	-9.1545516625e-05
2.24277986222e-09	-0.00025912647834
2.28430243159e-09	-0.000333127565682
2.32582500097e-09	-0.000269061187282
2.36734757035e-09	-8.00063280622e-05
2.40887013973e-09	0.000163050368428
2.45039270911e-09	0.000357776385499
2.49191527848e-09	0.000414183683461
2.53343784786e-09	0.000296527519822
2.57496041724e-09	4.37090529886e-05
2.61648298662e-09	-0.00024297440541
2.658005556e-09	-0.000441316835349
2.69952812537e-09	-0.000461595191155
2.74105069475e-09	-0.000287985050818
2.78257326413e-09	1.1529036783e-05
2.82409583351e-09	0.000312463234877
2.86561840289e-09	0.000487163779326
2.90714097226e-09	0.000460614595795
2.94866354164e-09	0.000243637434323
2.99018611102e-09	-7.16500289855e-05
3.0317086804e-09	-0.000352158444002
3.07323124978e-09	-0.00048175259144
3.11475381915e-09	-0.00041083159158
3.15627638853e-09	-0.000175764798769
3.19779895791e-09	0.000119590680697
3.23932152729e-09	0.00035087557626
3.28084409667e-09	0.000426967686508
3.32236666604e-09	0.000326659850543
3.36388923542e-09	0.00010323303286
3.4054118048e-09	-0.000143087963806
3.44693437418e-09	-0.000310694478685
3.48845694356e-09	-0.000339140911819
3.52997951293e-09	-0.00023062620312
3.57150208231e-09	-4.30437430623e-05
3.61302465169e-09	0.000139728086651
3.65454722107e-09	0.000245312869083
3.69606979045e-09	0.000241308036493
3.73759235982e-09	0.000143692421261
3.7791149292e-09	4.0311988414e-06
3.82063749858e-09	-0.000116421775601
3.86216006796e-09	-0.000173072403413
3.90368263734e-09	-0.000153656117618
3.94520520671e-09	-7.8217999544e-05
3.98672777609e-09	1.41944510688e-05
4.02825034547e-09	8.44789174153e-05
4.06977291485e-09	0.000109248285298
4.11129548423e-09	8.74239485711e-05
4.1528180536e-09	3.65357700502e-05
4.19434062298e-09	-1.78588634299e-05
4.23586319236e-09	-5.39781358384e-05
4.27738576174e-09	-6.17409968982e-05
4.31890833112e-09	-4.43381359219e-05
4.36043090049e-09	-1.41111968333e-05
4.40195346987e-09	1.43658380694e-05
4.44347603925e-09	3.05685462081e-05
4.48499860863e-09	3.1245068385e-05
4.52652117801e-09	1.99725982384e-05
4.56804374738e-09	4.08225741921e-06
4.60956631676e-09	-9.16238423088e-06
4.65108888614e-09	-1.54059071065e-05
4.69261145552e-09	-1.415535462e-05
4.7341340249e-09	-7.94681272964e-06
4.77565659427e-09	-5.32075318915e-07
4.81717916365e-09	4.92707886224e-06
4.85870173303e-09	6.92772619004e-06
4.90022430241e-09	5.73638408241e-06
4.94174687179e-09	2.76818764178e-06
4.98326944116e-09	-3.07714003611e-07
5.02479201054e-09	-2.29332272284e-06
