% time-domain current integration by openEMS v0.0.36-142-g32c5c6b @Fri Feb 20 21:20:44 2026
% start-coordinates: (-0.0129071,-0.0132693,0.0004) m -> [14,14,14]
% stop-coordinates: (-0.0075,-0.009,0.0004) m -> [15,15,14]
% t/s	current
6.01324049e-13	0
4.2694007479e-11	6.76880915762e-08
8.47866909091e-11	-4.39107381567e-08
1.26879374339e-10	-1.66997580209e-07
1.68972057769e-10	-2.89503418571e-07
2.11064741199e-10	-3.06587480736e-07
2.53157424629e-10	-1.4956447103e-07
2.95250108059e-10	1.71355111434e-07
3.37342791489e-10	5.90468118844e-07
3.79435474919e-10	9.27588416744e-07
4.21528158349e-10	9.64630089584e-07
4.63620841779e-10	4.60924013623e-07
5.05713525209e-10	-5.52890526251e-07
5.47806208639e-10	-1.82642816071e-06
5.89898892069e-10	-2.79318692264e-06
6.31991575499e-10	-2.74771605291e-06
6.74084258929e-10	-1.20041920582e-06
7.16176942359e-10	1.74646288542e-06
7.58269625789e-10	5.22559412275e-06
8.00362309219e-10	7.62321042203e-06
8.4245499265e-10	7.17453167454e-06
8.8454767608e-10	2.81269944935e-06
9.2664035951e-10	-4.91090395371e-06
9.6873304294e-10	-1.34782658279e-05
1.01082572637e-09	-1.88382455235e-05
1.0529184098e-09	-1.69410850503e-05
1.09501109323e-09	-5.84735334996e-06
1.13710377666e-09	1.24247362692e-05
1.17919646009e-09	3.14821081702e-05
1.22128914352e-09	4.21636723331e-05
1.26338182695e-09	3.62324681191e-05
1.30547451038e-09	1.08122785605e-05
1.34756719381e-09	-2.82559340121e-05
1.38965987724e-09	-6.65469415253e-05
1.43175256067e-09	-8.54566023918e-05
1.4738452441e-09	-7.00542223058e-05
1.51593792753e-09	-1.755534322e-05
1.55803061096e-09	5.78967956244e-05
1.60012329439e-09	0.000127286984934
1.64221597782e-09	0.000156749549205
1.68430866125e-09	0.000122504250612
1.72640134468e-09	2.46757517743e-05
1.76849402811e-09	-0.000106959858385
1.81058671154e-09	-0.000220264540985
1.85267939497e-09	-0.000260107277427
1.8947720784e-09	-0.000193451473024
1.93686476183e-09	-2.91163669317e-05
1.97895744526e-09	0.000178239977686
2.02105012869e-09	0.000344672909705
2.06314281212e-09	0.000390170142055
2.10523549555e-09	0.000275568047073
2.14732817898e-09	2.66554525297e-05
2.18942086241e-09	-0.000267880473984
2.23151354584e-09	-0.000487305456772
2.27360622927e-09	-0.000528416538145
2.3156989127e-09	-0.000353372568497
2.35779159613e-09	-1.37266724778e-05
2.39988427956e-09	0.000362963823136
2.44197696299e-09	0.000621642335318
2.48406964642e-09	0.000644868356176
2.52616232985e-09	0.000406600127462
2.56825501328e-09	-1.02178637462e-05
2.61034769671e-09	-0.000442734395619
2.65244038014e-09	-0.000713765970431
2.69453306357e-09	-0.000706785707735
2.736625747e-09	-0.000417559436755
2.77871843043e-09	4.10508509958e-05
2.82081111386e-09	0.000484651041916
2.86290379729e-09	0.00073428300675
2.90499648072e-09	0.000691544904839
2.94708916415e-09	0.000379196222639
2.98918184758e-09	-7.03420446371e-05
3.03127453101e-09	-0.000472857325803
3.07336721444e-09	-0.000670711509883
3.11545989787e-09	-0.000597156118602
3.1575525813e-09	-0.000299333478324
3.19964526473e-09	8.81256491994e-05
3.24173794816e-09	0.000404935330153
3.28383063159e-09	0.000533557322342
3.32592331502e-09	0.000444112549303
3.36801599845e-09	0.000198150723008
3.41010868188e-09	-8.68434362928e-05
3.45220136531e-09	-0.000293173070531
3.49429404874e-09	-0.000352375180228
3.53638673217e-09	-0.000267252326012
3.5784794156e-09	-9.99209150905e-05
3.62057209903e-09	6.46621119813e-05
3.66266478246e-09	0.000159946212079
3.70475746589e-09	0.000164266763022
3.74685014932e-09	0.000102151127066
3.78894283275e-09	2.3433844035e-05
3.83103551618e-09	-2.66249880951e-05
3.87312819961e-09	-3.00515657727e-05
3.91522088304e-09	-1.14329941425e-06
3.95731356647e-09	2.68214007519e-05
3.9994062499e-09	2.40796143771e-05
4.04149893333e-09	-1.68542464962e-05
4.08359161676e-09	-7.62973140809e-05
4.12568430019e-09	-0.00011837304919
4.16777698362e-09	-0.000111486384412
4.20986966705e-09	-4.70369996037e-05
4.25196235048e-09	5.3584251873e-05
4.29405503391e-09	0.000147521030158
4.33614771734e-09	0.00019031346892
4.37824040077e-09	0.00015734056069
4.4203330842e-09	5.65022564842e-05
4.46242576763e-09	-7.3969931691e-05
4.50451845106e-09	-0.000181479554158
4.54661113449e-09	-0.000221525930101
4.58870381792e-09	-0.000176579371328
4.63079650135e-09	-6.33364470559e-05
4.67288918478e-09	7.44096250855e-05
4.71498186821e-09	0.000183775948244
4.75707455164e-09	0.000223802984692
4.79916723507e-09	0.000180930219358
4.8412599185e-09	7.31348773115e-05
4.88335260193e-09	-5.81597923883e-05
4.92544528536e-09	-0.000164550860063
4.96753796879e-09	-0.000208733792533
5.00963065222e-09	-0.000177461828571
5.05172333565e-09	-8.50266878842e-05
5.09381601908e-09	3.32929703291e-05
5.13590870251e-09	0.000134808185976
5.17800138594e-09	0.000184804812307
5.22009406937e-09	0.000168281287188
5.2621867528e-09	9.419543494e-05
5.30427943623e-09	-8.82567655935e-06
5.34637211966e-09	-0.000103430626041
5.38846480309e-09	-0.000157031754497
5.43055748652e-09	-0.000153040047735
5.47265016995e-09	-9.59800818237e-05
5.51474285338e-09	-8.88545582711e-06
5.55683553681e-09	7.578694931e-05
5.59892822024e-09	0.000128267463879
5.64102090367e-09	0.000132025015773
5.6831135871e-09	8.89992661541e-05
5.72520627053e-09	1.78121390491e-05
5.76729895396e-09	-5.40577239008e-05
5.80939163739e-09	-0.000100835706689
5.85148432082e-09	-0.000107762600237
5.89357700425e-09	-7.56837980589e-05
5.93566968768e-09	-1.94664571609e-05
5.97776237111e-09	3.85556922993e-05
6.01985505454e-09	7.7363649325e-05
6.06194773797e-09	8.47600022098e-05
6.1040404214e-09	6.09745111433e-05
6.14613310483e-09	1.74405322468e-05
6.18822578826e-09	-2.83586505248e-05
6.23031847169e-09	-5.97196813032e-05
6.27241115512e-09	-6.65978659526e-05
6.31450383855e-09	-4.85602249682e-05
6.35659652198e-09	-1.41169257404e-05
6.39868920541e-09	2.30316763918e-05
6.44078188884e-09	4.92194085382e-05
6.48287457227e-09	5.56120503461e-05
6.5249672557e-09	4.10074135289e-05
6.56705993913e-09	1.18264015327e-05
6.60915262256e-09	-2.05505784834e-05
6.65124530599e-09	-4.40556032117e-05
6.69333798942e-09	-5.0293176173e-05
6.73543067285e-09	-3.74546943931e-05
6.77752335628e-09	-1.08171370812e-05
6.81961603971e-09	1.93702198885e-05
6.86170872314e-09	4.17678165832e-05
6.90380140657e-09	4.8182955652e-05
6.94589409e-09	3.65578343917e-05
6.98798677343e-09	1.16109613373e-05
7.03007945686e-09	-1.70841558429e-05
7.07217214029e-09	-3.88238258893e-05
7.11426482372e-09	-4.58276917925e-05
7.15635750715e-09	-3.60166523024e-05
7.19845019058e-09	-1.35784566737e-05
7.24054287401e-09	1.28769625007e-05
7.28263555744e-09	3.36969533237e-05
7.32472824087e-09	4.1766812501e-05
7.3668209243e-09	3.49313741026e-05
7.40891360773e-09	1.6427366063e-05
7.45100629116e-09	-6.6307347879e-06
7.49309897459e-09	-2.60559390881e-05
7.53519165802e-09	-3.54944131686e-05
7.57728434145e-09	-3.24523898598e-05
7.61937702488e-09	-1.88230005733e-05
7.66146970831e-09	1.15363945952e-07
7.70356239174e-09	1.77240399353e-05
7.74565507517e-09	2.82992241409e-05
7.7877477586e-09	2.88619648927e-05
7.82984044203e-09	1.99282585527e-05
7.87193312546e-09	5.09208530275e-06
7.91402580889e-09	-1.03351194412e-05
7.95611849232e-09	-2.11822789424e-05
7.99821117575e-09	-2.41337693296e-05
8.04030385918e-09	-1.87435616681e-05
8.08239654261e-09	-7.43707641959e-06
8.12448922604e-09	5.46785486222e-06
8.16658190947e-09	1.53692817548e-05
8.2086745929e-09	1.90312257473e-05
8.25076727633e-09	1.56744499691e-05
8.29285995976e-09	7.11072971171e-06
8.33495264319e-09	-3.08622907141e-06
8.37704532662e-09	-1.10360733743e-05
8.41913801005e-09	-1.40273177749e-05
8.46123069348e-09	-1.14567137643e-05
8.50332337691e-09	-4.88091245643e-06
8.54541606034e-09	2.77137542071e-06
8.58750874377e-09	8.45471276989e-06
8.6296014272e-09	1.01897085187e-05
8.67169411063e-09	7.72458315623e-06
8.71378679406e-09	2.45679711952e-06
8.75587947749e-09	-3.26958297592e-06
8.79797216092e-09	-7.16696422387e-06
8.84006484435e-09	-7.86305827205e-06
8.88215752778e-09	-5.33167303729e-06
8.92425021121e-09	-7.71571876612e-07
8.96634289464e-09	3.94345806853e-06
9.00843557807e-09	7.00742884874e-06
9.0505282615e-09	7.3186215559e-06
9.09262094493e-09	4.83177336719e-06
9.13471362836e-09	5.10752897753e-07
9.17680631179e-09	-4.05004948334e-06
9.21889899522e-09	-7.18956289347e-06
9.26099167865e-09	-7.75791795604e-06
9.30308436208e-09	-5.51487528355e-06
9.34517704551e-09	-1.21744824355e-06
9.38726972894e-09	3.63311914953e-06
9.42936241237e-09	7.31118416297e-06
9.4714550958e-09	8.47926094139e-06
9.51354777923e-09	6.68231587042e-06
9.55564046266e-09	2.52894733421e-06
9.59773314609e-09	-2.51395158557e-06
9.63982582952e-09	-6.65556308377e-06
9.68191851295e-09	-8.43738507683e-06
9.72401119638e-09	-7.27207770979e-06
9.76610387981e-09	-3.64076618098e-06
9.80819656325e-09	1.10771134132e-06
9.85028924668e-09	5.2845166465e-06
9.89238193011e-09	7.48678348828e-06
9.93447461354e-09	7.08529796611e-06
9.97656729697e-09	4.39303312305e-06
1.00186599804e-08	4.84093106934e-07
1.00607526638e-08	-3.25310884364e-06
1.01028453473e-08	-5.61694014323e-06
1.01449380307e-08	-5.98105452809e-06
1.01870307141e-08	-4.43342742074e-06
1.02291233975e-08	-1.66360564435e-06
1.0271216081e-08	1.33378682676e-06
1.03133087644e-08	3.610829026e-06
1.03554014478e-08	4.54800920124e-06
1.03974941313e-08	4.00851195081e-06
1.04395868147e-08	2.31805006479e-06
1.04816794981e-08	1.18888522138e-07
1.05237721816e-08	-1.85512226381e-06
1.0565864865e-08	-3.00900478578e-06
1.06079575484e-08	-3.06277593154e-06
1.06500502318e-08	-2.11774317904e-06
1.06921429153e-08	-5.97961445692e-07
1.07342355987e-08	9.12284463084e-07
1.07763282821e-08	1.88723663541e-06
1.08184209656e-08	2.04343564292e-06
1.0860513649e-08	1.43260831464e-06
1.09026063324e-08	3.96596590235e-07
1.09446990159e-08	-5.89279693486e-07
1.09867916993e-08	-1.12042312139e-06
1.10288843827e-08	-1.02873036667e-06
1.10709770661e-08	-4.35140179889e-07
1.11130697496e-08	3.23730318996e-07
1.1155162433e-08	8.60945533532e-07
1.11972551164e-08	9.19687636269e-07
1.12393477999e-08	4.78983565699e-07
1.12814404833e-08	-2.4552801392e-07
1.13235331667e-08	-9.11140887183e-07
1.13656258502e-08	-1.20579215945e-06
1.14077185336e-08	-9.82453684628e-07
1.1449811217e-08	-3.14375142807e-07
1.14919039004e-08	5.42853342722e-07
1.15339965839e-08	1.26169061332e-06
1.15760892673e-08	1.57115505317e-06
1.16181819507e-08	1.3536679262e-06
1.16602746342e-08	6.77898128743e-07
1.17023673176e-08	-2.33879575262e-07
1.1744460001e-08	-1.08619155981e-06
1.17865526845e-08	-1.60658430559e-06
1.18286453679e-08	-1.62780577284e-06
1.18707380513e-08	-1.13498049359e-06
1.19128307347e-08	-2.72225975095e-07
1.19549234182e-08	7.01098144873e-07
1.19970161016e-08	1.48326523686e-06
1.2039108785e-08	1.82319399755e-06
1.20812014685e-08	1.60410718308e-06
1.21232941519e-08	8.87042574504e-07
1.21653868353e-08	-1.01555031051e-07
1.22074795188e-08	-1.04075229501e-06
1.22495722022e-08	-1.62450101016e-06
1.22916648856e-08	-1.66761594755e-06
1.2333757569e-08	-1.17237664199e-06
1.23758502525e-08	-3.22754260651e-07
1.24179429359e-08	5.8458579133e-07
1.24600356193e-08	1.25120823213e-06
1.25021283028e-08	1.48185904436e-06
1.25442209862e-08	1.24349026009e-06
1.25863136696e-08	6.61725778173e-07
1.26284063531e-08	-4.1016448904e-08
1.26704990365e-08	-6.33295996977e-07
1.27125917199e-08	-9.53411586124e-07
1.27546844033e-08	-9.49151171881e-07
1.27967770868e-08	-6.76011268297e-07
1.28388697702e-08	-2.57263877756e-07
1.28809624536e-08	1.67113086036e-07
1.29230551371e-08	4.82704024307e-07
1.29651478205e-08	6.28415023129e-07
1.30072405039e-08	5.97738562647e-07
1.30493331874e-08	4.30741607715e-07
1.30914258708e-08	1.92918321318e-07
1.31335185542e-08	-4.30445368238e-08
1.31756112376e-08	-2.16204909975e-07
1.32177039211e-08	-2.93432123044e-07
1.32597966045e-08	-2.72781448984e-07
1.33018892879e-08	-1.84306671258e-07
1.33439819714e-08	-7.36122345302e-08
1.33860746548e-08	1.55465613716e-08
1.34281673382e-08	6.13261192939e-08
1.34702600217e-08	6.93968615906e-08
1.35123527051e-08	6.76527349697e-08
1.35544453885e-08	8.62383444655e-08
1.35965380719e-08	1.37957158586e-07
1.36386307554e-08	2.06327328556e-07
1.36807234388e-08	2.52183610883e-07
1.37228161222e-08	2.32256269328e-07
1.37649088057e-08	1.26441676684e-07
1.38070014891e-08	-4.81556696741e-08
1.38490941725e-08	-2.36133786302e-07
1.3891186856e-08	-3.66465314983e-07
1.39332795394e-08	-3.80393288424e-07
1.39753722228e-08	-2.60164313204e-07
1.40174649062e-08	-3.76542459435e-08
1.40595575897e-08	2.16512347606e-07
1.41016502731e-08	4.17717814116e-07
1.41437429565e-08	5.01104580053e-07
1.418583564e-08	4.41030067577e-07
1.42279283234e-08	2.59466673924e-07
1.42700210068e-08	1.39390863296e-08
1.43121136903e-08	-2.21891482965e-07
1.43542063737e-08	-3.8221597265e-07
1.43962990571e-08	-4.25922735303e-07
