% time-domain voltage integration by openEMS v0.0.36-142-g32c5c6b @Fri Feb 20 21:20:44 2026
% start-coordinates: (-0.0075,-0.009,0) m -> [15,15,13]
% stop-coordinates: (-0.0075,-0.009,0.0016) m -> [15,15,17]
% t/s	voltage
0	-0
4.209268343e-11	4.42001798717e-07
8.41853668601e-11	-1.73049173213e-06
1.2627805029e-10	-2.68839818318e-06
1.6837073372e-10	-3.02703824673e-06
2.1046341715e-10	-1.58332517231e-06
2.5255610058e-10	1.08293392032e-06
2.9464878401e-10	5.04615275077e-06
3.3674146744e-10	8.91583840712e-06
3.7883415087e-10	1.01321838883e-05
4.209268343e-10	5.80603079925e-06
4.6301951773e-10	-4.27587360718e-06
5.0511220116e-10	-1.76265953087e-05
5.4720488459e-10	-2.92367831207e-05
5.8929756802e-10	-3.07771069856e-05
6.3139025145e-10	-1.67244124896e-05
6.7348293488e-10	1.31916608552e-05
7.1557561831e-10	5.12047872689e-05
7.5766830174e-10	8.07914675534e-05
7.9976098517e-10	8.19894194137e-05
8.41853668601e-10	4.11039363826e-05
8.83946352031e-10	-3.95455872422e-05
9.26039035461e-10	-0.000135947229865
9.68131718891e-10	-0.00020510001923
1.01022440232e-09	-0.000199780068215
1.05231708575e-09	-9.22110739339e-05
1.09440976918e-09	0.00010420406943
1.13650245261e-09	0.000325968896504
1.17859513604e-09	0.000472161365906
1.22068781947e-09	0.000442176351498
1.2627805029e-09	0.000186949131603
1.30487318633e-09	-0.000247188327194
1.34696586976e-09	-0.000710210850229
1.38905855319e-09	-0.000989005551673
1.43115123662e-09	-0.000890828334377
1.47324392005e-09	-0.00034570711432
1.51533660348e-09	0.000523108828929
1.55742928691e-09	0.00140185275814
1.59952197034e-09	0.00188304367475
1.64161465377e-09	0.0016364127805
1.6837073372e-09	0.00058467873896
1.72580002063e-09	-0.000993137655314
1.76789270406e-09	-0.0025081539643
1.80998538749e-09	-0.00326147349551
1.85207807092e-09	-0.00274436804466
1.89417075435e-09	-0.000914802978514
1.93626343778e-09	0.00168684253003
1.97835612121e-09	0.00406674214173
2.02044880464e-09	0.00514223857317
2.06254148807e-09	0.00421295990236
2.1046341715e-09	0.00133962268592
2.14672685493e-09	-0.00255835050484
2.18881953836e-09	-0.00597481091972
2.23091222179e-09	-0.00739209714811
2.27300490522e-09	-0.00594234897289
2.31509758865e-09	-0.00186751497677
2.35719027208e-09	0.0034508818062
2.39928295551e-09	0.00795371527784
2.44137563894e-09	0.00970917707309
2.48346832237e-09	0.0077404252952
2.5255610058e-09	0.0025205668062
2.56765368923e-09	-0.00410851463675
2.60974637266e-09	-0.00959866400808
2.65183905609e-09	-0.0116968245711
2.69393173952e-09	-0.0093802891206
2.73602442295e-09	-0.00333273271099
2.77811710638e-09	0.00425803172402
2.82020978981e-09	0.0105192207266
2.86230247324e-09	0.0130089898594
2.90439515667e-09	0.0106837453786
2.9464878401e-09	0.00432608637493
2.98858052353e-09	-0.00373822823167
3.03067320696e-09	-0.0105215208605
3.07276589039e-09	-0.0135064313654
3.11485857382e-09	-0.0115873403847
3.15695125725e-09	-0.00547017483041
3.19904394068e-09	0.00260927929776
3.24113662411e-09	0.00972289661877
3.28322930754e-09	0.0133217414841
3.32532199097e-09	0.0121456887573
3.3674146744e-09	0.00665362610016
3.40950735783e-09	-0.00116547293146
3.45160004126e-09	-0.00851525948383
3.49369272469e-09	-0.0127855751198
3.53578540812e-09	-0.0124708488584
3.57787809155e-09	-0.00769776501693
3.61997077498e-09	-0.000181528870598
3.66206345841e-09	0.0073761617532
3.70415614184e-09	0.0122447379399
3.74624882527e-09	0.0126474332064
3.7883415087e-09	0.00841978006065
3.83043419213e-09	0.00109583488666
3.87252687556e-09	-0.00662891776301
3.91461955899e-09	-0.0118807274848
3.95671224242e-09	-0.0126833100803
3.99880492585e-09	-0.00871996651404
4.04089760928e-09	-0.00147899999865
4.08299029271e-09	0.00629359669983
4.12508297614e-09	0.0116382800043
4.16717565957e-09	0.0125236297026
4.209268343e-09	0.00863625784405
4.25136102643e-09	0.00150176679017
4.29345370986e-09	-0.00611598265823
4.33554639329e-09	-0.0112993035
4.37763907672e-09	-0.0121105618309
4.41973176015e-09	-0.00832589622587
4.46182444358e-09	-0.00148468220141
4.50391712701e-09	0.00574899627827
4.54600981044e-09	0.0106416083872
4.58810249387e-09	0.0114349343348
4.6301951773e-09	0.00797467585653
4.67228786073e-09	0.0017004495312
4.71438054416e-09	-0.00496727228165
4.75647322759e-09	-0.00957487802953
4.79856591102e-09	-0.0105414264835
4.84065859445e-09	-0.00768769369461
4.88275127788e-09	-0.00222013896564
4.92484396131e-09	0.0037855595001
4.96693664474e-09	0.00817744084634
5.00902932817e-09	0.00949335005134
5.0511220116e-09	0.00743252644315
5.09321469503e-09	0.00288973504212
5.13530737846e-09	-0.00242692814209
5.17740006189e-09	-0.00663476798218
5.21949274532e-09	-0.00833618803881
5.26158542875e-09	-0.00707411847543
5.30367811218e-09	-0.00344009825494
5.34577079561e-09	0.00118358552572
5.38786347904e-09	0.00514208246022
5.42995616247e-09	0.00709689431824
5.4720488459e-09	0.00647850136738
5.51414152933e-09	0.00364917481784
5.55623421276e-09	-0.000270331467618
5.59832689619e-09	-0.00383686629357
5.64041957962e-09	-0.00581665325444
5.68251226305e-09	-0.00561573973391
5.72460494648e-09	-0.00345677864971
5.76669762991e-09	-0.000248812481004
5.80879031334e-09	0.00278753979364
5.85088299677e-09	0.00458233058453
5.8929756802e-09	0.00459590472747
5.93506836363e-09	0.00297424237942
5.97716104706e-09	0.000441180542111
6.01925373049e-09	-0.0020131636411
6.06134641392e-09	-0.00351472105831
6.10343909735e-09	-0.00361143669579
6.14553178078e-09	-0.002398083976
6.18762446421e-09	-0.00043202166853
6.22971714764e-09	0.00150976446457
6.27180983107e-09	0.00272898515686
6.3139025145e-09	0.00284736114554
6.35599519793e-09	0.0019129999564
6.39808788136e-09	0.000347174718627
6.44018056479e-09	-0.00123472887208
6.48227324822e-09	-0.00225510890596
6.52436593165e-09	-0.00237546249991
6.56645861508e-09	-0.00160155849881
6.60855129851e-09	-0.000262324123469
6.65064398194e-09	0.00112312976853
6.69273666537e-09	0.00203985231929
6.7348293488e-09	0.00216257525608
6.77692203223e-09	0.00146838978981
6.81901471566e-09	0.000236953292188
6.86110739909e-09	-0.0010596132779
6.90320008252e-09	-0.00193577585742
6.94529276595e-09	-0.00207329547266
6.98738544938e-09	-0.00143641178147
7.02947813281e-09	-0.000278853352938
7.07157081624e-09	0.00095821855939
7.11366349967e-09	0.00181696578511
7.1557561831e-09	0.00199397938559
7.19784886653e-09	0.0014473903866
7.23994154996e-09	0.000401866614993
7.28203423339e-09	-0.000746613484807
7.32412691682e-09	-0.00158401625231
7.36621960025e-09	-0.00182972860057
7.40831228368e-09	-0.00142906268593
7.45040496711e-09	-0.000557976396522
7.49249765054e-09	0.000455228815554
7.53459033397e-09	0.00125589658273
7.5766830174e-09	0.00158692878904
7.61877570083e-09	0.00136887433473
7.66086838426e-09	0.000712322929758
7.70296106769e-09	-0.000134316975164
7.74505375112e-09	-0.000878076592926
7.78714643455e-09	-0.0012812819914
7.82923911798e-09	-0.00123522680951
7.87133180141e-09	-0.000786283708294
7.91342448484e-09	-0.000110392284114
7.95551716827e-09	0.000552846657229
7.9976098517e-09	0.000983453006484
8.03970253513e-09	0.00105351299862
8.08179521856e-09	0.000765224409406
8.12388790199e-09	0.000243163798586
8.16598058542e-09	-0.00031533226138
8.20807326886e-09	-0.000713449815521
8.25016595229e-09	-0.000824860733701
8.29225863572e-09	-0.000635013057035
8.33435131915e-09	-0.000239216307818
8.37644400258e-09	0.000199868169148
8.41853668601e-09	0.000517670923728
8.46062936944e-09	0.000609488575719
8.50272205287e-09	0.000465220153274
8.5448147363e-09	0.00016489364134
8.58690741973e-09	-0.000160214014613
8.62900010316e-09	-0.000382766324037
8.67109278659e-09	-0.00042804358236
8.71318547002e-09	-0.000297407044854
8.75527815345e-09	-6.02381869612e-05
8.79737083688e-09	0.000179820181074
8.83946352031e-09	0.000327934954839
8.88155620374e-09	0.00033329170401
8.92364888717e-09	0.000204023774131
8.9657415706e-09	-1.13805506885e-06
9.00783425403e-09	-0.000198914265638
9.04992693746e-09	-0.000313679316605
9.09201962089e-09	-0.000304201283143
9.13411230432e-09	-0.000176394358277
9.17620498775e-09	2.11718879655e-05
9.21829767118e-09	0.000215683656279
9.26039035461e-09	0.000335962358804
9.30248303804e-09	0.000337390891218
9.34457572147e-09	0.000217483582674
9.3866684049e-09	1.70915236595e-05
9.42876108833e-09	-0.000193496543943
9.47085377176e-09	-0.000339079058904
9.51294645519e-09	-0.000366518695955
9.55503913862e-09	-0.000264399706793
9.59713182205e-09	-6.78858777974e-05
9.63922450548e-09	0.000153662778757
9.68131718891e-09	0.000321857813105
9.72340987234e-09	0.000378139491659
9.76550255577e-09	0.000304910281557
9.8075952392e-09	0.00013121981101
9.84968792263e-09	-7.9280740465e-05
9.89178060606e-09	-0.000252712416113
9.93387328949e-09	-0.000332052120939
9.97596597292e-09	-0.000296307509416
1.00180586563e-08	-0.000165457055118
1.00601513398e-08	9.90648277366e-06
1.01022440232e-08	0.000168707920238
1.01443367066e-08	0.000261133267486
1.01864293901e-08	0.000264044218056
1.02285220735e-08	0.00018558157899
1.02706147569e-08	5.88205284657e-05
1.03127074404e-08	-7.1784517786e-05
1.03548001238e-08	-0.000165633045981
1.03968928072e-08	-0.000198003908736
1.04389854906e-08	-0.000165763969562
1.04810781741e-08	-8.58023377077e-05
1.05231708575e-08	1.21333387142e-05
1.05652635409e-08	9.56996173045e-05
1.06073562244e-08	0.000140176867717
1.06494489078e-08	0.000135671052703
1.06915415912e-08	8.91687614057e-05
1.07336342747e-08	2.10961243283e-05
1.07757269581e-08	-4.26983096986e-05
1.08178196415e-08	-8.04132105259e-05
1.08599123249e-08	-8.20037221274e-05
1.09020050084e-08	-5.20544481333e-05
1.09440976918e-08	-6.86729333665e-06
1.09861903752e-08	3.30072807628e-05
1.10282830587e-08	5.15686642757e-05
1.10703757421e-08	4.37390926891e-05
1.11124684255e-08	1.66403187905e-05
1.1154561109e-08	-1.44564166931e-05
1.11966537924e-08	-3.3639738831e-05
1.12387464758e-08	-3.15862107527e-05
1.12808391592e-08	-9.45051442613e-06
1.13229318427e-08	2.21286513806e-05
1.13650245261e-08	4.82419500258e-05
1.14071172095e-08	5.64841311643e-05
1.1449209893e-08	4.22146613346e-05
1.14913025764e-08	1.02849248833e-05
1.15333952598e-08	-2.72684733318e-05
1.15754879433e-08	-5.62261238883e-05
1.16175806267e-08	-6.56637294014e-05
1.16596733101e-08	-5.1774095482e-05
1.17017659935e-08	-1.8890175852e-05
1.1743858677e-08	2.23272404583e-05
1.17859513604e-08	5.8599636759e-05
1.18280440438e-08	7.83085397416e-05
1.18701367273e-08	7.49728242226e-05
1.19122294107e-08	4.92204908369e-05
1.19543220941e-08	8.60385512169e-06
1.19964147776e-08	-3.45524758814e-05
1.2038507461e-08	-6.67784624966e-05
1.20806001444e-08	-7.76809265517e-05
1.21226928278e-08	-6.34380976408e-05
1.21647855113e-08	-2.82883388536e-05
1.22068781947e-08	1.65575206665e-05
1.22489708781e-08	5.65706995985e-05
1.22910635616e-08	7.88109500718e-05
1.2333156245e-08	7.64592932683e-05
1.23752489284e-08	5.11159832968e-05
1.24173416119e-08	1.20603883715e-05
1.24594342953e-08	-2.72874449365e-05
1.25015269787e-08	-5.42630159543e-05
1.25436196621e-08	-6.13155734754e-05
1.25857123456e-08	-4.81277029394e-05
1.2627805029e-08	-2.10393391171e-05
1.26698977124e-08	9.94157335299e-06
1.27119903959e-08	3.49263173121e-05
1.27540830793e-08	4.73766967843e-05
1.27961757627e-08	4.56137604488e-05
1.28382684462e-08	3.24795537381e-05
1.28803611296e-08	1.35414975375e-05
1.2922453813e-08	-5.05702018927e-06
1.29645464964e-08	-1.847475869e-05
1.30066391799e-08	-2.41777902374e-05
1.30487318633e-08	-2.21022751248e-05
1.30908245467e-08	-1.41488796999e-05
1.31329172302e-08	-3.35455024469e-06
1.31750099136e-08	7.02414399711e-06
1.3217102597e-08	1.43843662954e-05
1.32591952805e-08	1.73882503987e-05
1.33012879639e-08	1.61855423357e-05
1.33433806473e-08	1.22152566746e-05
1.33854733307e-08	7.50522349335e-06
1.34275660142e-08	3.80117836585e-06
1.34696586976e-08	1.86015165582e-06
1.3511751381e-08	1.25455412103e-06
1.35538440645e-08	7.86236142858e-07
1.35959367479e-08	-6.51548972996e-07
1.36380294313e-08	-3.29109980157e-06
1.36801221148e-08	-6.14245584529e-06
1.37222147982e-08	-7.42031852496e-06
1.37643074816e-08	-5.45821183096e-06
1.3806400165e-08	2.36700920198e-07
1.38484928485e-08	8.45695217322e-06
1.38905855319e-08	1.65433039001e-05
1.39326782153e-08	2.13788257497e-05
1.39747708988e-08	2.07276871151e-05
1.40168635822e-08	1.4248335674e-05
1.40589562656e-08	3.74512512735e-06
1.41010489491e-08	-7.44245812712e-06
1.41431416325e-08	-1.56701366905e-05
1.41852343159e-08	-1.83053248293e-05
1.42273269993e-08	-1.45801104736e-05
1.42694196828e-08	-5.74807336307e-06
1.43115123662e-08	5.44575595995e-06
1.43536050496e-08	1.57142494572e-05
1.43956977331e-08	2.22163157559e-05
