% time-domain voltage integration by openEMS v0.0.36-142-g32c5c6b @Fri Feb 20 23:08:00 2026
% start-coordinates: (-0.005,0,0) m -> [22,24,15]
% stop-coordinates: (-0.005,0,0.0016) m -> [22,24,19]
% t/s	voltage
0	-0
4.10838097879e-11	8.75548906265e-07
8.21676195759e-11	7.63785408253e-07
1.23251429364e-10	1.6948071746e-07
1.64335239152e-10	-8.45478680844e-07
2.0541904894e-10	-2.03711056201e-06
2.46502858728e-10	-2.55427232787e-06
2.87586668516e-10	-1.73655863023e-06
3.28670478303e-10	4.38785974666e-07
3.69754288091e-10	3.67084186337e-06
4.10838097879e-10	6.57032035178e-06
4.51921907667e-10	7.56253552936e-06
4.93005717455e-10	4.88165562729e-06
5.34089527243e-10	-2.15688726257e-06
5.75173337031e-10	-1.15318218832e-05
6.16257146819e-10	-1.92046431948e-05
6.57340956607e-10	-2.0194701392e-05
6.98424766395e-10	-1.05774934127e-05
7.39508576183e-10	9.57042288974e-06
7.80592385971e-10	3.39674870702e-05
8.21676195759e-10	5.1148127568e-05
8.62760005547e-10	4.86636399728e-05
9.03843815335e-10	1.93337787096e-05
9.44927625123e-10	-3.27047891915e-05
9.8601143491e-10	-8.88623908395e-05
1.0270952447e-09	-0.000121578266771
1.06817905449e-09	-0.000104383079815
1.10926286427e-09	-2.69286820185e-05
1.15034667406e-09	9.31735066843e-05
1.19143048385e-09	0.000209739409911
1.23251429364e-09	0.000261842214968
1.27359810343e-09	0.000200716600375
1.31468191321e-09	1.92873376363e-05
1.355765723e-09	-0.000230470199313
1.39684953279e-09	-0.000445511657745
1.43793334258e-09	-0.000508670316776
1.47901715237e-09	-0.000343728344887
1.52010096215e-09	3.45235675923e-05
1.56118477194e-09	0.000501299247844
1.60226858173e-09	0.00085442251293
1.64335239152e-09	0.000894406970474
1.68443620131e-09	0.000522926231497
1.72552001109e-09	-0.000183462681889
1.76660382088e-09	-0.000969244894804
1.80768763067e-09	-0.00148276658729
1.84877144046e-09	-0.00142458322807
1.88985525025e-09	-0.000702095741872
1.93093906003e-09	0.000484193180455
1.97202286982e-09	0.00167803934892
2.01310667961e-09	0.00233502365882
2.0541904894e-09	0.00206162920222
2.09527429918e-09	0.000824741757242
2.13635810897e-09	-0.000974265509285
2.17744191876e-09	-0.00261675240472
2.21852572855e-09	-0.00334936159197
2.25960953834e-09	-0.00272282073274
2.30069334812e-09	-0.000835601880681
2.34177715791e-09	0.00164136639796
2.3828609677e-09	0.00369823339861
2.42394477749e-09	0.00439906958491
2.46502858728e-09	0.0033039926202
2.50611239706e-09	0.000711624248652
2.54719620685e-09	-0.00240598153323
2.58828001664e-09	-0.0047705611214
2.62936382643e-09	-0.00532833731268
2.67044763622e-09	-0.00372002489166
2.711531446e-09	-0.000479476671899
2.75261525579e-09	0.00314189569326
2.79369906558e-09	0.00566792208701
2.83478287537e-09	0.00600901991129
2.87586668516e-09	0.00393518502824
2.91695049494e-09	0.000202734503546
2.95803430473e-09	-0.00372776645236
2.99911811452e-09	-0.00627523881849
3.04020192431e-09	-0.00638375384733
3.0812857341e-09	-0.0039632639382
3.12236954388e-09	5.94335797359e-05
3.16345335367e-09	0.00410419504624
3.20453716346e-09	0.00656828598585
3.24562097325e-09	0.00646883703303
3.28670478303e-09	0.00383733410854
3.32778859282e-09	-0.000292437587632
3.36887240261e-09	-0.00429595657624
3.4099562124e-09	-0.00660315947607
3.45104002219e-09	-0.00631921587046
3.49212383197e-09	-0.00357392418664
3.53320764176e-09	0.000535691826371
3.57429145155e-09	0.00438492954709
3.61537526134e-09	0.00646629289258
3.65645907113e-09	0.00598394067492
3.69754288091e-09	0.00316215417115
3.7386266907e-09	-0.000852259428939
3.77971050049e-09	-0.00445376744028
3.82079431028e-09	-0.00622140744235
3.86187812007e-09	-0.00548416993115
3.90296192985e-09	-0.00258189154556
3.94404573964e-09	0.00128259783378
3.98512954943e-09	0.00453819159884
4.02621335922e-09	0.00588587298989
4.06729716901e-09	0.00482258340344
4.10838097879e-09	0.00183512337389
4.14946478858e-09	-0.00181366712786
4.19054859837e-09	-0.00461575156078
4.23163240816e-09	-0.00544314959552
4.27271621795e-09	-0.00400755601004
4.31380002773e-09	-0.000963855069131
4.35488383752e-09	0.0023812475265
4.39596764731e-09	0.00462814851198
4.4370514571e-09	0.00487215444446
4.47813526689e-09	0.00307160272496
4.51921907667e-09	4.46576950708e-05
4.56030288646e-09	-0.00289721303852
4.60138669625e-09	-0.00451638665982
4.64247050604e-09	-0.00417113781441
4.68355431582e-09	-0.00207169522764
4.72463812561e-09	0.000833272744785
4.7657219354e-09	0.00328184204409
4.80680574519e-09	0.00424630823545
4.84788955498e-09	0.0033651231206
4.88897336476e-09	0.00107696474879
4.93005717455e-09	-0.00159155760775
4.97114098434e-09	-0.00348457932705
5.01222479413e-09	-0.00381679559359
5.05330860392e-09	-0.00249886227539
5.0943924137e-09	-0.000153234654135
5.13547622349e-09	0.00217669847189
5.17656003328e-09	0.0034891240648
5.21764384307e-09	0.00325392570812
5.25872765286e-09	0.00162521589664
5.29981146264e-09	-0.000647704539006
5.34089527243e-09	-0.00256321113557
5.38197908222e-09	-0.00330759392818
5.42306289201e-09	-0.00259971665218
5.4641467018e-09	-0.000794407125795
5.50523051158e-09	0.00129201106029
5.54631432137e-09	0.00274960050592
5.58739813116e-09	0.00297060870798
5.62848194095e-09	0.00190164885134
5.66956575074e-09	4.8014731874e-05
5.71064956052e-09	-0.00176331808325
5.75173337031e-09	-0.00275133567629
5.7928171801e-09	-0.00251769786701
5.83390098989e-09	-0.00120484089712
5.87498479967e-09	0.000583945715334
5.91606860946e-09	0.00206000584876
5.95715241925e-09	0.00259644392645
5.99823622904e-09	0.00199353962671
6.03932003883e-09	0.000550230121007
6.08040384861e-09	-0.00108176170033
6.1214876584e-09	-0.00219109066529
6.16257146819e-09	-0.00231633178191
6.20365527798e-09	-0.00143654245767
6.24473908777e-09	3.41691638823e-05
6.28582289755e-09	0.00144048701623
6.32690670734e-09	0.00217730773147
6.36799051713e-09	0.00194906958495
6.40907432692e-09	0.000886959634954
6.45015813671e-09	-0.000521910740645
6.49124194649e-09	-0.00165730464505
6.53232575628e-09	-0.00203807564685
6.57340956607e-09	-0.00152538268594
6.61449337586e-09	-0.000370880246919
6.65557718565e-09	0.000905034830794
6.69666099543e-09	0.00174726458499
6.73774480522e-09	0.00180676416494
6.77882861501e-09	0.00108422510675
6.8199124248e-09	-8.17968957563e-05
6.86099623459e-09	-0.0011725705408
6.90208004437e-09	-0.00171947959461
6.94316385416e-09	-0.00150476102135
6.98424766395e-09	-0.000646968808724
7.02533147374e-09	0.000461618656118
7.06641528353e-09	0.00133369330433
7.10749909331e-09	0.00160069210688
7.1485829031e-09	0.00116780141252
7.18966671289e-09	0.000245640396315
7.23075052268e-09	-0.000750970211811
7.27183433246e-09	-0.00138896037242
7.31291814225e-09	-0.00140492903301
7.35400195204e-09	-0.000813077000203
7.39508576183e-09	0.000110427994514
7.43616957162e-09	0.000955457653617
7.4772533814e-09	0.00135967816459
7.51833719119e-09	0.00116347370204
7.55942100098e-09	0.000471911182103
7.60050481077e-09	-0.000399514938181
7.64158862056e-09	-0.00106835714541
7.68267243034e-09	-0.00125255604507
7.72375624013e-09	-0.000889016679139
7.76484004992e-09	-0.000153298358782
7.80592385971e-09	0.000624293956207
7.8470076695e-09	0.00110647009569
7.88809147928e-09	0.00109494538628
7.92917528907e-09	0.000611430645222
7.97025909886e-09	-0.000119237216495
8.01134290865e-09	-0.000773094827309
8.05242671844e-09	-0.00107031100197
8.09351052822e-09	-0.000894619704923
8.13459433801e-09	-0.000337957273587
8.1756781478e-09	0.000346408014593
8.21676195759e-09	0.000858543426148
8.25784576738e-09	0.000983121950412
8.29892957716e-09	0.00067942115129
8.34001338695e-09	9.31113518163e-05
8.38109719674e-09	-0.000512962651555
8.42218100653e-09	-0.000876368023455
8.46326481631e-09	-0.000848351075547
8.5043486261e-09	-0.000454307773907
8.54543243589e-09	0.000123198355141
8.58651624568e-09	0.000628526962828
8.62760005547e-09	0.000845888062031
8.66868386525e-09	0.000691097709932
8.70976767504e-09	0.000243668771873
8.75085148483e-09	-0.000293257522571
8.79193529462e-09	-0.00068473778083
8.83301910441e-09	-0.00076659845945
8.87410291419e-09	-0.000514004888828
8.91518672398e-09	-4.73610180052e-05
8.95627053377e-09	0.000424544989073
8.99735434356e-09	0.000697715498973
9.03843815335e-09	0.000660888676066
9.07952196313e-09	0.000340456273989
9.12060577292e-09	-0.000115580129204
9.16168958271e-09	-0.000505599062308
9.2027733925e-09	-0.000663442158839
9.24385720229e-09	-0.000528774980921
9.28494101207e-09	-0.000169689912582
9.32602482186e-09	0.000251136247243
9.36710863165e-09	0.00054987250769
9.40819244144e-09	0.000601609412115
9.44927625123e-09	0.000392362082493
9.49036006101e-09	2.13367334254e-05
9.5314438708e-09	-0.00034571409924
9.57252768059e-09	-0.000550386845134
9.61361149038e-09	-0.00050978406216
9.65469530017e-09	-0.000249777767749
9.69577910995e-09	0.000109925027573
9.73686291974e-09	0.000410596621805
9.77794672953e-09	0.000524363669683
9.81903053932e-09	0.000408423169574
9.8601143491e-09	0.000120616854474
9.90119815889e-09	-0.000208909616049
9.94228196868e-09	-0.000436424670625
9.98336577847e-09	-0.000467105710413
1.00244495883e-08	-0.000294374556688
1.0065533398e-08	2.57000948523e-07
1.01066172078e-08	0.000285434369289
1.01477010176e-08	0.000438297021901
1.01887848274e-08	0.000397306561354
1.02298686372e-08	0.000186719906196
1.0270952447e-08	-9.67601681623e-05
1.03120362568e-08	-0.00032820612978
1.03531200666e-08	-0.000409435670008
1.03942038763e-08	-0.000310444469505
1.04352876861e-08	-8.01034693723e-05
1.04763714959e-08	0.000177667552634
1.05174553057e-08	0.000350602800609
1.05585391155e-08	0.000366871725419
1.05996229253e-08	0.000224777635594
1.06407067351e-08	-8.97826885193e-06
1.06817905449e-08	-0.000230301877309
1.07228743547e-08	-0.000344028390828
1.07639581644e-08	-0.000304679968394
1.08050419742e-08	-0.000134441721457
1.0846125784e-08	8.87140431587e-05
1.08872095938e-08	0.000266644616204
1.09282934036e-08	0.000324002932757
1.09693772134e-08	0.000240111392486
1.10104610232e-08	5.59836080356e-05
1.1051544833e-08	-0.00014545589147
1.10926286427e-08	-0.000276618542557
1.11337124525e-08	-0.000283231660433
1.11747962623e-08	-0.000166656689544
1.12158800721e-08	1.85829035217e-05
1.12569638819e-08	0.000190148279216
1.12980476917e-08	0.000274413156149
1.13391315015e-08	0.000237934698816
1.13802153113e-08	0.000100555973404
1.1421299121e-08	-7.49716982682e-05
1.14623829308e-08	-0.000211536764255
1.15034667406e-08	-0.000251476776612
1.15445505504e-08	-0.000180822065886
1.15856343602e-08	-3.38248955813e-05
1.162671817e-08	0.000123440004245
1.16678019798e-08	0.000222690508963
1.17088857896e-08	0.000223030532652
1.17499695993e-08	0.000127667201014
1.17910534091e-08	-1.8977248601e-05
1.18321372189e-08	-0.000151821670443
1.18732210287e-08	-0.00021396622833
1.19143048385e-08	-0.000180949085916
1.19553886483e-08	-7.02665693098e-05
1.19964724581e-08	6.76451309118e-05
1.20375562679e-08	0.000172312436916
1.20786400777e-08	0.000199640144274
1.21197238874e-08	0.000140447955346
1.21608076972e-08	2.3234200853e-05
1.2201891507e-08	-9.94064685074e-05
1.22429753168e-08	-0.000174325508851
1.22840591266e-08	-0.000170785744558
1.23251429364e-08	-9.29618072405e-05
1.23662267462e-08	2.30147188631e-05
1.2407310556e-08	0.00012575101573
1.24483943657e-08	0.00017133266374
1.24894781755e-08	0.000142002096254
1.25305619853e-08	5.29715625817e-05
1.25716457951e-08	-5.52931815037e-05
1.26127296049e-08	-0.000135371996294
1.26538134147e-08	-0.000153631011926
1.26948972245e-08	-0.000104290487798
1.27359810343e-08	-1.09376749151e-05
1.2777064844e-08	8.46146740514e-05
1.28181486538e-08	0.000141018892464
1.28592324636e-08	0.000135236903589
1.29003162734e-08	7.18734554539e-05
1.29414000832e-08	-1.97430158551e-05
1.2982483893e-08	-9.91001015791e-05
1.30235677028e-08	-0.000132333858346
1.30646515126e-08	-0.000106645344204
1.31057353224e-08	-3.51335893356e-05
1.31468191321e-08	4.97657565575e-05
1.31879029419e-08	0.000110932298412
1.32289867517e-08	0.000122749261209
1.32700705615e-08	8.17837881186e-05
1.33111543713e-08	7.51369361751e-06
1.33522381811e-08	-6.68438333378e-05
1.33933219909e-08	-0.000109178148705
1.34344058007e-08	-0.000102293201053
1.34754896104e-08	-5.08212060595e-05
1.35165734202e-08	2.14926412809e-05
1.355765723e-08	8.2713435404e-05
1.35987410398e-08	0.00010676463171
1.36398248496e-08	8.4526674982e-05
1.36809086594e-08	2.71729923043e-05
1.37219924692e-08	-3.9346228732e-05
1.3763076279e-08	-8.5977731942e-05
1.38041600887e-08	-9.32589973672e-05
1.38452438985e-08	-5.93820568611e-05
1.38863277083e-08	-3.68512871773e-07
1.39274115181e-08	5.74413015784e-05
1.39684953279e-08	8.91232975846e-05
1.40095791377e-08	8.18688131403e-05
1.40506629475e-08	4.01351171604e-05
1.40917467573e-08	-1.68796027538e-05
1.41328305671e-08	-6.40389498585e-05
1.41739143768e-08	-8.13079623185e-05
1.42149981866e-08	-6.22384122835e-05
1.42560819964e-08	-1.62950123013e-05
1.42971658062e-08	3.57633161912e-05
1.4338249616e-08	7.12470409781e-05
1.43793334258e-08	7.5395040767e-05
1.44204172356e-08	4.74738790217e-05
1.44615010454e-08	6.24891185907e-07
1.45025848551e-08	-4.4267127123e-05
1.45436686649e-08	-6.78826963849e-05
1.45847524747e-08	-6.07461370237e-05
1.46258362845e-08	-2.69789429694e-05
1.46669200943e-08	1.79332350854e-05
1.47080039041e-08	5.42181924175e-05
1.47490877139e-08	6.64868330205e-05
1.47901715237e-08	5.02610964759e-05
1.48312553334e-08	1.35153218253e-05
1.48723391432e-08	-2.7192082598e-05
1.4913422953e-08	-5.41377494301e-05
1.49545067628e-08	-5.61537017347e-05
1.49955905726e-08	-3.32097015416e-05
1.50366743824e-08	3.93388597786e-06
1.50777581922e-08	3.87543486795e-05
1.5118842002e-08	5.62993682252e-05
1.51599258117e-08	4.95641215821e-05
1.52010096215e-08	2.22859757741e-05
1.52420934313e-08	-1.30569706016e-05
1.52831772411e-08	-4.09268041039e-05
1.53242610509e-08	-4.95412950841e-05
1.53653448607e-08	-3.58327242793e-05
1.54064286705e-08	-6.47166609724e-06
1.54475124803e-08	2.53227617577e-05
1.54885962901e-08	4.57384421679e-05
1.55296800998e-08	4.63455698991e-05
1.55707639096e-08	2.75500274256e-05
1.56118477194e-08	-1.87204216218e-06
1.56529315292e-08	-2.88555852421e-05
1.5694015339e-08	-4.1823376705e-05
1.57350991488e-08	-3.56519167326e-05
1.57761829586e-08	-1.36585645123e-05
1.58172667684e-08	1.41272139444e-05
1.58583505781e-08	3.55069350917e-05
1.58994343879e-08	4.14609794461e-05
1.59405181977e-08	2.99407920465e-05
1.59816020075e-08	6.51737218504e-06
1.60226858173e-08	-1.82927324204e-05
1.60637696271e-08	-3.37273495461e-05
1.61048534369e-08	-3.34352362188e-05
1.61459372467e-08	-1.8074743366e-05
1.61870210564e-08	5.20667583714e-06
1.62281048662e-08	2.60853980762e-05
1.6269188676e-08	3.56282544089e-05
1.63102724858e-08	3.00952424368e-05
1.63513562956e-08	1.23860650092e-05
1.63924401054e-08	-9.43749296312e-06
1.64335239152e-08	-2.580829414e-05
1.6474607725e-08	-2.9842346521e-05
1.65156915348e-08	-2.02167775569e-05
1.65567753445e-08	-1.546732733e-06
1.65978591543e-08	1.77940951289e-05
1.66389429641e-08	2.94291494356e-05
1.66800267739e-08	2.85955597974e-05
1.67211105837e-08	1.60759200298e-05
1.67621943935e-08	-2.32625171748e-06
1.68032782033e-08	-1.84678483492e-05
1.68443620131e-08	-2.544764493e-05
1.68854458228e-08	-2.05641727007e-05
1.69265296326e-08	-6.32990679605e-06
1.69676134424e-08	1.07934174594e-05
1.70086972522e-08	2.33098198805e-05
1.7049781062e-08	2.59719622591e-05
1.70908648718e-08	1.79600156116e-05
1.71319486816e-08	3.09927941089e-06
1.71730324914e-08	-1.19596436434e-05
1.72141163011e-08	-2.0709556793e-05
1.72552001109e-08	-1.95812199308e-05
1.72962839207e-08	-9.39846609072e-06
1.73373677305e-08	5.13595648499e-06
1.73784515403e-08	1.75940517693e-05
1.74195353501e-08	2.26666484195e-05
1.74606191599e-08	1.84158716365e-05
1.75017029697e-08	6.98820224443e-06
1.75427867794e-08	-6.4338332777e-06
1.75838705892e-08	-1.59859177984e-05
