% time-domain current integration by openEMS v0.0.36-142-g32c5c6b @Fri Feb 20 23:08:00 2026
% start-coordinates: (-0.00918089,-0.00318438,0.0004) m -> [21,23,16]
% stop-coordinates: (-0.005,0,0.0004) m -> [22,24,16]
% t/s	current
5.70608469277e-13	0
4.16544182572e-11	5.19398781762e-08
8.27382280452e-11	7.8312304197e-08
1.23822037833e-10	7.54418678639e-08
1.64905847621e-10	2.70975650807e-08
2.05989657409e-10	-6.72580853234e-08
2.47073467197e-10	-1.86406751368e-07
2.88157276985e-10	-2.69314313073e-07
3.29241086773e-10	-2.41904103859e-07
3.70324896561e-10	-6.23921820875e-08
4.11408706349e-10	2.59489411292e-07
4.52492516137e-10	6.04417323302e-07
4.93576325925e-10	8.0093559518e-07
5.34660135712e-10	6.57026248518e-07
5.757439455e-10	6.90883297239e-08
6.16827755288e-10	-8.59732722347e-07
6.57911565076e-10	-1.78312234311e-06
6.98995374864e-10	-2.19502794607e-06
7.40079184652e-10	-1.61846128321e-06
7.8116299444e-10	9.2396945206e-08
8.22246804228e-10	2.54436986324e-06
8.63330614016e-10	4.75072192785e-06
9.04414423804e-10	5.42890529687e-06
9.45498233592e-10	3.5603395645e-06
9.8658204338e-10	-9.31986505748e-07
1.02766585317e-09	-6.77094067214e-06
1.06874966296e-09	-1.14578406283e-05
1.10983347274e-09	-1.2133549717e-05
1.15091728253e-09	-6.94117670719e-06
1.19200109232e-09	3.6294209167e-06
1.23308490211e-09	1.61451880558e-05
1.2741687119e-09	2.49876211456e-05
1.31525252168e-09	2.45016053668e-05
1.35633633147e-09	1.18770667541e-05
1.39742014126e-09	-1.04992977867e-05
1.43850395105e-09	-3.46415872627e-05
1.47958776084e-09	-4.92993676744e-05
1.52067157062e-09	-4.4636632083e-05
1.56175538041e-09	-1.75216682692e-05
1.6028391902e-09	2.50915600191e-05
1.64392299999e-09	6.69223445584e-05
1.68500680977e-09	8.79588333191e-05
1.72609061956e-09	7.32858025003e-05
1.76717442935e-09	2.14986794163e-05
1.80825823914e-09	-5.1538059779e-05
1.84934204893e-09	-0.000116531395179
1.89042585871e-09	-0.000141898737638
1.9315096685e-09	-0.000108278713014
1.97259347829e-09	-1.99913592951e-05
2.01367728808e-09	9.26522625377e-05
2.05476109787e-09	0.000182972828043
2.09584490765e-09	0.000206897122553
2.13692871744e-09	0.000143715107697
2.17801252723e-09	9.05523847905e-06
2.21909633702e-09	-0.000147188111441
2.26018014681e-09	-0.000259077438386
2.30126395659e-09	-0.000272530451184
2.34234776638e-09	-0.000171047999174
2.38343157617e-09	1.29194249894e-05
2.42451538596e-09	0.000207683027838
2.46559919575e-09	0.000330691109411
2.50668300553e-09	0.000324150925735
2.54776681532e-09	0.0001822681661
2.58885062511e-09	-4.28852581535e-05
2.6299344349e-09	-0.000260848115431
2.67101824469e-09	-0.000380202603992
2.71210205447e-09	-0.000348044733983
2.75318586426e-09	-0.000173930529854
2.79426967405e-09	7.27666702005e-05
2.83535348384e-09	0.000291550997645
2.87643729362e-09	0.000393217545934
2.91752110341e-09	0.000337497360306
2.9586049132e-09	0.000149468629388
2.99968872299e-09	-9.21224345802e-05
3.04077253278e-09	-0.000289088173304
3.08185634256e-09	-0.000365129555576
3.12294015235e-09	-0.000296298938338
3.16402396214e-09	-0.00011805282702
3.20510777193e-09	9.28603258217e-05
3.24619158172e-09	0.000252405996434
3.2872753915e-09	0.000303691078443
3.32835920129e-09	0.000237297645072
3.36944301108e-09	9.03322070371e-05
3.41052682087e-09	-7.3288771091e-05
3.45161063066e-09	-0.000191037834156
3.49269444044e-09	-0.000225851224968
3.53377825023e-09	-0.000176740635652
3.57486206002e-09	-7.36320580472e-05
3.61594586981e-09	3.89832930523e-05
3.6570296796e-09	0.00012106365466
3.69811348938e-09	0.000150626903633
3.73919729917e-09	0.000127719918964
3.78028110896e-09	6.94048358127e-05
3.82136491875e-09	-1.91321305465e-08
3.86244872854e-09	-5.85219240747e-05
3.90353253832e-09	-9.21235769056e-05
3.94461634811e-09	-9.62348567555e-05
3.9857001579e-09	-7.39643801353e-05
4.02678396769e-09	-3.35263503075e-05
4.06786777748e-09	1.3934524759e-05
4.10895158726e-09	5.60507105547e-05
4.15003539705e-09	8.12181970105e-05
4.19111920684e-09	8.13921869849e-05
4.23220301663e-09	5.516197416e-05
4.27328682641e-09	9.63683851296e-06
4.3143706362e-09	-4.04998645536e-05
4.35545444599e-09	-7.73628635216e-05
4.39653825578e-09	-8.64944886416e-05
4.43762206557e-09	-6.3137820689e-05
4.47870587535e-09	-1.51431413542e-05
4.51978968514e-09	3.92751535401e-05
4.56087349493e-09	7.84884250606e-05
4.60195730472e-09	8.63868845045e-05
4.64304111451e-09	5.94130906393e-05
4.68412492429e-09	8.46814873512e-06
4.72520873408e-09	-4.53962638858e-05
4.76629254387e-09	-7.97911197878e-05
4.80737635366e-09	-8.0529411207e-05
4.84846016345e-09	-4.77160938317e-05
4.88954397323e-09	4.3345062295e-06
4.93062778302e-09	5.33126658411e-05
4.97171159281e-09	7.85613083281e-05
5.0127954026e-09	6.99118390912e-05
5.05387921239e-09	3.18746242556e-05
5.09496302217e-09	-1.85799108294e-05
5.13604683196e-09	-5.95833480475e-05
5.17713064175e-09	-7.38796952646e-05
5.21821445154e-09	-5.61413326068e-05
5.25929826133e-09	-1.49428196892e-05
5.30038207111e-09	3.1312018109e-05
5.3414658809e-09	6.26009859843e-05
5.38254969069e-09	6.59549841657e-05
5.42363350048e-09	4.08386040363e-05
5.46471731026e-09	-1.00570468931e-06
5.50580112005e-09	-4.10056054534e-05
5.54688492984e-09	-6.19886632194e-05
5.58796873963e-09	-5.5544944189e-05
5.62905254942e-09	-2.53710168181e-05
5.6701363592e-09	1.47222963278e-05
5.71122016899e-09	4.71035091323e-05
5.75230397878e-09	5.80671257921e-05
5.79338778857e-09	4.36224727309e-05
5.83447159836e-09	1.08401072794e-05
5.87555540814e-09	-2.55031118286e-05
5.91663921793e-09	-4.95893364132e-05
5.95772302772e-09	-5.14311395818e-05
5.99880683751e-09	-3.09909592033e-05
6.0398906473e-09	2.15281397686e-06
6.08097445708e-09	3.32550698658e-05
6.12205826687e-09	4.8949423217e-05
6.16314207666e-09	4.29799692938e-05
6.20422588645e-09	1.86534234672e-05
6.24530969624e-09	-1.28959618451e-05
6.28639350602e-09	-3.77991091227e-05
6.32747731581e-09	-4.55262197647e-05
6.3685611256e-09	-3.33213138219e-05
6.40964493539e-09	-7.1293561632e-06
6.45072874518e-09	2.1258578272e-05
6.49181255496e-09	3.95102251787e-05
6.53289636475e-09	4.00844292017e-05
6.57398017454e-09	2.33326700254e-05
6.61506398433e-09	-2.92395816359e-06
6.65614779412e-09	-2.70209475275e-05
6.6972316039e-09	-3.86298779631e-05
6.73831541369e-09	-3.3154970879e-05
6.77939922348e-09	-1.35399068313e-05
6.82048303327e-09	1.12644393084e-05
6.86156684305e-09	3.0367711588e-05
6.90265065284e-09	3.57100398105e-05
6.94373446263e-09	2.54525511991e-05
6.98481827242e-09	4.55356348539e-06
7.02590208221e-09	-1.75997829501e-05
7.06698589199e-09	-3.13973250741e-05
7.10806970178e-09	-3.11645999318e-05
7.14915351157e-09	-1.74762972165e-05
7.19023732136e-09	3.30096190737e-06
7.23132113115e-09	2.19518879021e-05
7.27240494093e-09	3.04927925754e-05
7.31348875072e-09	2.5577201086e-05
7.35457256051e-09	9.78317530098e-06
7.3956563703e-09	-9.69816028373e-06
7.43674018009e-09	-2.43287668127e-05
7.47782398987e-09	-2.79523774225e-05
7.51890779966e-09	-1.93788819161e-05
7.55999160945e-09	-2.72316174232e-06
7.60107541924e-09	1.45468247865e-05
7.64215922903e-09	2.49508739216e-05
7.68324303881e-09	2.422812031e-05
7.7243268486e-09	1.3067465261e-05
7.76541065839e-09	-3.35609547619e-06
7.80649446818e-09	-1.77736073965e-05
7.84757827797e-09	-2.40246881731e-05
7.88866208775e-09	-1.96842556761e-05
7.92974589754e-09	-6.98815620126e-06
7.97082970733e-09	8.29854252515e-06
8.01191351712e-09	1.94835884031e-05
8.0529973269e-09	2.18766563194e-05
8.09408113669e-09	1.47410173668e-05
8.13516494648e-09	1.48243452713e-06
8.17624875627e-09	-1.19664164231e-05
8.21733256606e-09	-1.97902390937e-05
8.25841637584e-09	-1.88006852113e-05
8.29950018563e-09	-9.72265115706e-06
8.34058399542e-09	3.24862958223e-06
8.38166780521e-09	1.43781689985e-05
8.422751615e-09	1.8921753508e-05
8.46383542478e-09	1.51395252033e-05
8.50491923457e-09	4.94814230478e-06
8.54600304436e-09	-7.03434852767e-06
8.58708685415e-09	-1.55723082571e-05
8.62817066394e-09	-1.70944622369e-05
8.66925447372e-09	-1.11801809908e-05
8.71033828351e-09	-6.37264747638e-07
8.7514220933e-09	9.82500387181e-06
8.79250590309e-09	1.56898495334e-05
8.83358971288e-09	1.45799976963e-05
8.87467352266e-09	7.21176593288e-06
8.91575733245e-09	-3.02139324049e-06
8.95684114224e-09	-1.16022001748e-05
8.99792495203e-09	-1.48814433487e-05
9.03900876182e-09	-1.16206392704e-05
9.0800925716e-09	-3.45085572917e-06
9.12117638139e-09	5.93364620727e-06
9.16226019118e-09	1.24369134937e-05
9.20334400097e-09	1.33495886985e-05
9.24442781076e-09	8.46586135594e-06
9.28551162054e-09	9.14997144719e-08
9.32659543033e-09	-8.03789225756e-06
9.36767924012e-09	-1.24206226246e-05
9.40876304991e-09	-1.12895377242e-05
9.44984685969e-09	-5.32033573108e-06
9.49093066948e-09	2.7455325835e-06
9.53201447927e-09	9.3522885436e-06
9.57309828906e-09	1.16961209642e-05
9.61418209885e-09	8.90919636731e-06
9.65526590863e-09	2.3696570679e-06
9.69634971842e-09	-4.97187102155e-06
9.73743352821e-09	-9.91727483779e-06
9.778517338e-09	-1.0411369658e-05
9.81960114779e-09	-6.39158815829e-06
9.86068495757e-09	2.53048710874e-07
9.90176876736e-09	6.56340944261e-06
9.94285257715e-09	9.82560322882e-06
9.98393638694e-09	8.7337111836e-06
1.00250201967e-08	3.90665354644e-06
1.00661040065e-08	-2.44354760071e-06
1.01071878163e-08	-7.52324285713e-06
1.01482716261e-08	-9.18153455132e-06
1.01893554359e-08	-6.81778374201e-06
1.02304392457e-08	-1.58892862601e-06
1.02715230555e-08	4.14926307712e-06
1.03126068652e-08	7.90083413449e-06
1.0353690675e-08	8.11321660876e-06
1.03947744848e-08	4.81450297229e-06
1.04358582946e-08	-4.51802861789e-07
1.04769421044e-08	-5.34441551281e-06
1.05180259142e-08	-7.76307751948e-06
1.0559109724e-08	-6.74638386045e-06
1.06001935338e-08	-2.85050191451e-06
1.06412773435e-08	2.14506189877e-06
1.06823611533e-08	6.04503065915e-06
1.07234449631e-08	7.2019010986e-06
1.07645287729e-08	5.20925595993e-06
1.08056125827e-08	1.03417141872e-06
1.08466963925e-08	-3.4455633795e-06
1.08877802023e-08	-6.28600355412e-06
1.09288640121e-08	-6.31469538348e-06
1.09699478218e-08	-3.61506226909e-06
1.10110316316e-08	5.54751295567e-07
1.10521154414e-08	4.34353296441e-06
1.10931992512e-08	6.12847770753e-06
1.1134283061e-08	5.20568664797e-06
1.11753668708e-08	2.06609547604e-06
1.12164506806e-08	-1.8596128939e-06
1.12575344904e-08	-4.84891734231e-06
1.12986183002e-08	-5.642641554e-06
1.13397021099e-08	-3.97253734263e-06
1.13807859197e-08	-6.42808572593e-07
1.14218697295e-08	2.8517085866e-06
1.14629535393e-08	4.99622410643e-06
1.15040373491e-08	4.91020637128e-06
1.15451211589e-08	2.70655073109e-06
1.15862049687e-08	-5.91503294345e-07
1.16272887785e-08	-3.52238180312e-06
1.16683725882e-08	-4.83257235828e-06
1.1709456398e-08	-4.01084162149e-06
1.17505402078e-08	-1.4849758827e-06
1.17916240176e-08	1.59707656167e-06
1.18327078274e-08	3.88478929381e-06
1.18737916372e-08	4.41743577539e-06
1.1914875447e-08	3.02384864881e-06
1.19559592568e-08	3.71592932424e-07
1.19970430665e-08	-2.35117204284e-06
1.20381268763e-08	-3.96634186473e-06
1.20792106861e-08	-3.81372410629e-06
1.21202944959e-08	-2.01871694117e-06
1.21613783057e-08	5.87022213949e-07
1.22024621155e-08	2.85140276901e-06
1.22435459253e-08	3.80703841074e-06
1.22846297351e-08	3.08667813442e-06
1.23257135449e-08	1.05714912024e-06
1.23667973546e-08	-1.36026278597e-06
1.24078811644e-08	-3.10790301228e-06
1.24489649742e-08	-3.45433500115e-06
1.2490048784e-08	-2.29677152674e-06
1.25311325938e-08	-1.86591478268e-07
1.25722164036e-08	1.93278970073e-06
1.26133002134e-08	3.14575822813e-06
1.26543840232e-08	2.95868585454e-06
1.26954678329e-08	1.50036362356e-06
1.27365516427e-08	-5.56608483748e-07
1.27776354525e-08	-2.30374666899e-06
1.28187192623e-08	-2.9963293855e-06
1.28598030721e-08	-2.37160088545e-06
1.29008868819e-08	-7.43341047382e-07
1.29419706917e-08	1.15047998861e-06
1.29830545015e-08	2.48342826126e-06
1.30241383112e-08	2.69872134595e-06
1.3065222121e-08	1.74101558059e-06
1.31063059308e-08	6.37362518319e-08
1.31473897406e-08	-1.58405225648e-06
1.31884735504e-08	-2.49204890679e-06
1.32295573602e-08	-2.29284660236e-06
1.327064117e-08	-1.11003203074e-06
1.33117249798e-08	5.12104520567e-07
1.33528087895e-08	1.85818350928e-06
1.33938925993e-08	2.35596985476e-06
1.34349764091e-08	1.81954465006e-06
1.34760602189e-08	5.15293777426e-07
1.35171440287e-08	-9.6732401289e-07
1.35582278385e-08	-1.98196403289e-06
1.35993116483e-08	-2.10607345252e-06
1.36403954581e-08	-1.31637557388e-06
1.36814792679e-08	1.5061459635e-08
1.37225630776e-08	1.29495856527e-06
1.37636468874e-08	1.97227677745e-06
1.38047306972e-08	1.77462084139e-06
1.3845814507e-08	8.17451393686e-07
1.38868983168e-08	-4.60582896267e-07
1.39279821266e-08	-1.4962372461e-06
1.39690659364e-08	-1.85071758096e-06
1.40101497462e-08	-1.39376788866e-06
1.40512335559e-08	-3.50171262653e-07
1.40923173657e-08	8.09084667708e-07
1.41334011755e-08	1.57977933668e-06
1.41744849853e-08	1.64201787811e-06
1.42155687951e-08	9.92969944491e-07
1.42566526049e-08	-6.30050180916e-08
1.42977364147e-08	-1.0559540442e-06
1.43388202245e-08	-1.55926477419e-06
1.43799040342e-08	-1.37190249916e-06
1.4420987844e-08	-5.98606902713e-07
1.44620716538e-08	4.0735994844e-07
1.45031554636e-08	1.20306310691e-06
1.45442392734e-08	1.45234423599e-06
1.45853230832e-08	1.06581342152e-06
1.4626406893e-08	2.32180639159e-07
1.46674907028e-08	-6.73672104767e-07
1.47085745126e-08	-1.25772976389e-06
1.47496583223e-08	-1.27892440105e-06
1.47907421321e-08	-7.46803948459e-07
1.48318259419e-08	8.96418441698e-08
1.48729097517e-08	8.59164345002e-07
1.49139935615e-08	1.23151585285e-06
1.49550773713e-08	1.05927301774e-06
1.49961611811e-08	4.35553317857e-07
1.50372449909e-08	-3.55461281742e-07
1.50783288006e-08	-9.65754338722e-07
1.51194126104e-08	-1.13871396934e-06
1.51604964202e-08	-8.13571546132e-07
1.520158023e-08	-1.48387186982e-07
1.52426640398e-08	5.58663259653e-07
1.52837478496e-08	1.00021691196e-06
1.53248316594e-08	9.94958668343e-07
1.53659154692e-08	5.60143746497e-07
1.54069992789e-08	-1.01990110579e-07
1.54480830887e-08	-6.97469317856e-07
1.54891668985e-08	-9.71723238763e-07
1.55302507083e-08	-8.16812075755e-07
1.55713345181e-08	-3.14520036682e-07
1.56124183279e-08	3.06782055759e-07
1.56535021377e-08	7.74323325459e-07
1.56945859475e-08	8.91882052656e-07
1.57356697572e-08	6.19871002527e-07
1.5776753567e-08	8.9763602773e-08
1.58178373768e-08	-4.6156873168e-07
1.58589211866e-08	-7.94476648025e-07
1.59000049964e-08	-7.73349597694e-07
1.59410888062e-08	-4.18557704052e-07
1.5982172616e-08	1.04669936718e-07
1.60232564258e-08	5.6528517689e-07
1.60643402356e-08	7.6582807651e-07
1.61054240453e-08	6.29132046015e-07
1.61465078551e-08	2.25036927759e-07
1.61875916649e-08	-2.62336783408e-07
1.62286754747e-08	-6.20003788754e-07
1.62697592845e-08	-6.97809014127e-07
1.63108430943e-08	-4.71398124091e-07
1.63519269041e-08	-4.93535310397e-08
1.63930107139e-08	3.80038500225e-07
1.64340945236e-08	6.30490831099e-07
1.64751783334e-08	6.00293674324e-07
1.65162621432e-08	3.11767990979e-07
1.6557345953e-08	-1.01615910353e-07
1.65984297628e-08	-4.57107546481e-07
1.66395135726e-08	-6.03089176821e-07
1.66805973824e-08	-4.83744940993e-07
1.67216811922e-08	-1.59366493335e-07
1.67627650019e-08	2.22725418553e-07
1.68038488117e-08	4.95739470807e-07
1.68449326215e-08	5.45412206066e-07
1.68860164313e-08	3.5780124108e-07
1.69271002411e-08	2.19940545776e-08
1.69681840509e-08	-3.11866443781e-07
1.70092678607e-08	-4.99874090565e-07
1.70503516705e-08	-4.65380423975e-07
1.70914354803e-08	-2.31292858643e-07
1.713251929e-08	9.49038678755e-08
1.71736030998e-08	3.69069027784e-07
1.72146869096e-08	4.74441890219e-07
1.72557707194e-08	3.71445594283e-07
1.72968545292e-08	1.11424697025e-07
1.7337938339e-08	-1.87838764987e-07
1.73790221488e-08	-3.95930271679e-07
1.74201059586e-08	-4.25869615128e-07
1.74611897683e-08	-2.70940347491e-07
1.75022735781e-08	-4.15604972659e-09
1.75433573879e-08	2.55303746144e-07
1.75844411977e-08	3.95764914174e-07
