% time-domain voltage integration by openEMS v0.0.36-142-g32c5c6b @Wed Apr  8 21:36:46 2026
% start-coordinates: (-0.005,0,0) m -> [23,24,15]
% stop-coordinates: (-0.005,0,0.0016) m -> [23,24,19]
% t/s	voltage
0	-0
4.14947434752e-11	1.31259551495e-06
8.29894869504e-11	1.03220278902e-06
1.24484230426e-10	1.60989383602e-07
1.65978973901e-10	-1.26391375943e-06
2.07473717376e-10	-2.82625506998e-06
2.48968460851e-10	-3.62664735576e-06
2.90463204327e-10	-2.36733609427e-06
3.31957947802e-10	9.99885628516e-07
3.73452691277e-10	5.54988582735e-06
4.14947434752e-10	9.5763389254e-06
4.56442178227e-10	1.02323217561e-05
4.97936921703e-10	5.53694439986e-06
5.39431665178e-10	-4.70604936709e-06
5.80926408653e-10	-1.79344374374e-05
6.22421152128e-10	-2.75848005913e-05
6.63915895603e-10	-2.63764300144e-05
7.05410639079e-10	-1.00674776604e-05
7.46905382554e-10	1.98755387828e-05
7.88400126029e-10	5.28584942003e-05
8.29894869504e-10	7.19797099009e-05
8.7138961298e-10	6.04185033808e-05
9.12884356455e-10	1.10516091354e-05
9.5437909993e-10	-6.51537593512e-05
9.95873843405e-10	-0.000138059844176
1.03736858688e-09	-0.000167026693816
1.07886333036e-09	-0.000119162288684
1.12035807383e-09	9.13267376745e-06
1.16185281731e-09	0.000180399601959
1.20334756078e-09	0.000320216422551
1.24484230426e-09	0.000344812156982
1.28633704773e-09	0.000201916576771
1.32783179121e-09	-9.05907181732e-05
1.36932653468e-09	-0.000431054664659
1.41082127816e-09	-0.000661690224661
1.45231602163e-09	-0.000632334777038
1.49381076511e-09	-0.000281945627648
1.53530550858e-09	0.000305354493321
1.57680025206e-09	0.00090263216407
1.61829499553e-09	0.00121832205332
1.65978973901e-09	0.00102612216142
1.70128448248e-09	0.000295645579172
1.74277922596e-09	-0.000745539990021
1.78427396943e-09	-0.00166645282297
1.82576871291e-09	-0.00200035306625
1.86726345638e-09	-0.00146728599793
1.90875819986e-09	-0.000148027960677
1.95025294334e-09	0.00148524830001
1.99174768681e-09	0.00272579531884
2.03324243029e-09	0.00293058721581
2.07473717376e-09	0.00183869487955
2.11623191724e-09	-0.000245805989834
2.15772666071e-09	-0.00251393858343
2.19922140419e-09	-0.00396185507998
2.24071614766e-09	-0.00383467541542
2.28221089114e-09	-0.00200659985421
2.32370563461e-09	0.000890906580025
2.36520037809e-09	0.00368152145529
2.40669512156e-09	0.0051293137949
2.44818986504e-09	0.00449383480009
2.48968460851e-09	0.00190117754391
2.53117935199e-09	-0.00165504199686
2.57267409546e-09	-0.00470538402442
2.61416883894e-09	-0.00593108776957
2.65566358241e-09	-0.00474831368774
2.69715832589e-09	-0.00158544059377
2.73865306936e-09	0.00228159321705
2.78014781284e-09	0.00526703556534
2.82164255631e-09	0.0061507448554
2.86313729979e-09	0.00459143100306
2.90463204327e-09	0.0012546115031
2.94612678674e-09	-0.00249055138556
2.98762153022e-09	-0.00516036932822
3.02911627369e-09	-0.00576607859693
3.07061101717e-09	-0.00418340810575
3.11210576064e-09	-0.00114322858281
3.15360050412e-09	0.00212266523158
3.19509524759e-09	0.00440234364942
3.23658999107e-09	0.00496178190224
3.27808473454e-09	0.00376377505017
3.31957947802e-09	0.00139422502252
3.36107422149e-09	-0.00123041932238
3.40256896497e-09	-0.00322661892278
3.44406370844e-09	-0.00402989168651
3.48555845192e-09	-0.00351960904663
3.52705319539e-09	-0.00197879702318
3.56854793887e-09	5.3805425523e-05
3.61004268234e-09	0.00196468911599
3.65153742582e-09	0.00322420673911
3.69303216929e-09	0.00349947012728
3.73452691277e-09	0.00272101763403
3.77602165624e-09	0.00110252111335
3.81751639972e-09	-0.000894517361303
3.85901114319e-09	-0.00266402447596
3.90050588667e-09	-0.00362202996621
3.94200063015e-09	-0.00340071634855
3.98349537362e-09	-0.00200396776199
4.0249901171e-09	0.000148820949107
4.06648486057e-09	0.00233130238485
4.10797960405e-09	0.0037537565222
4.14947434752e-09	0.00385926646413
4.190969091e-09	0.00255603948608
4.23246383447e-09	0.000282495420834
4.27395857795e-09	-0.0021355873323
4.31545332142e-09	-0.00379087287001
4.3569480649e-09	-0.00404600892216
4.39844280837e-09	-0.0027894427767
4.43993755185e-09	-0.000488457721076
4.48143229532e-09	0.00198614184046
4.5229270388e-09	0.00369628018234
4.56442178227e-09	0.00400015956257
4.60591652575e-09	0.00279871630482
4.64741126922e-09	0.000568292860407
4.6889060127e-09	-0.00183050447959
4.73040075617e-09	-0.0034895290155
4.77189549965e-09	-0.00380112428684
4.81339024312e-09	-0.00268242420861
4.8548849866e-09	-0.000592934244196
4.89637973008e-09	0.00165522823227
4.93787447355e-09	0.00321513065137
4.97936921703e-09	0.0035254675895
5.0208639605e-09	0.00251219660277
5.06235870398e-09	0.000599137885729
5.10385344745e-09	-0.00146870498429
5.14534819093e-09	-0.00291576934978
5.1868429344e-09	-0.00322660582606
5.22833767788e-09	-0.00232826848514
5.26983242135e-09	-0.000600248735282
5.31132716483e-09	0.00128429281176
5.3528219083e-09	0.00262030650629
5.39431665178e-09	0.00293382222299
5.43581139525e-09	0.00214863865403
5.47730613873e-09	0.000598743092269
5.5188008822e-09	-0.00111185773858
5.56029562568e-09	-0.00234361086041
5.60179036915e-09	-0.00265967228916
5.64328511263e-09	-0.00197941187071
5.6847798561e-09	-0.000594008961343
5.72627459958e-09	0.000956089061219
5.76776934305e-09	0.00209184753476
5.80926408653e-09	0.00240855291486
5.85075883001e-09	0.00182220479473
5.89225357348e-09	0.000585672387388
5.93374831696e-09	-0.000818007916678
5.97524306043e-09	-0.00186332460726
6.01673780391e-09	-0.0021779948147
6.05823254738e-09	-0.00167487666477
6.09972729086e-09	-0.000572640929022
6.14122203433e-09	0.000697466442944
6.18271677781e-09	0.00165945544722
6.22421152128e-09	0.00197001808556
6.26570626476e-09	0.00154050427955
6.30720100823e-09	0.000558794417884
6.34869575171e-09	-0.000590128314798
6.39019049518e-09	-0.00147488422226
6.43168523866e-09	-0.00177897920366
6.47317998213e-09	-0.00141318270471
6.51467472561e-09	-0.000539222586667
6.55616946908e-09	0.000499627931276
6.59766421256e-09	0.00131276756292
6.63915895603e-09	0.00160862979828
6.68065369951e-09	0.00129846364143
6.72214844298e-09	0.0005210415693
6.76364318646e-09	-0.000417578157794
6.80513792994e-09	-0.00116405828157
6.84663267341e-09	-0.00145020653144
6.88812741689e-09	-0.00118862703675
6.92962216036e-09	-0.000497730172356
6.97111690384e-09	0.000350094778696
7.01261164731e-09	0.00103525433224
7.05410639079e-09	0.00131085712928
7.09560113426e-09	0.00109142478323
7.13709587774e-09	0.000477666289953
7.17859062121e-09	-0.000287807015411
7.22008536469e-09	-0.000915865559364
7.26158010816e-09	-0.00117995587061
7.30307485164e-09	-0.000996995921014
7.34456959511e-09	-0.000452391584986
7.38606433859e-09	0.000238252436247
7.42755908206e-09	0.000813802937046
7.46905382554e-09	0.00106610308285
7.51054856901e-09	0.000914820615435
7.55204331249e-09	0.000431876564107
7.59353805596e-09	-0.000191019466001
7.63503279944e-09	-0.000718016875908
7.67652754291e-09	-0.00095818657428
7.71802228639e-09	-0.0008340729255
7.75951702987e-09	-0.000406172177463
7.80101177334e-09	0.000155328802066
7.84250651682e-09	0.000637589837424
7.88400126029e-09	0.000865450361744
7.92549600377e-09	0.00076483337034
7.96699074724e-09	0.000386077503208
8.00848549072e-09	-0.000119784494018
8.04998023419e-09	-0.000560754488106
8.09147497767e-09	-0.000776419969043
8.13296972114e-09	-0.000696007264196
8.17446446462e-09	-0.000360993486538
8.21595920809e-09	9.4631635875e-05
8.25745395157e-09	0.000497657878441
8.29894869504e-09	0.000701210185071
8.34044343852e-09	0.000637964854832
8.38193818199e-09	0.000341978418874
8.42343292547e-09	-6.80841712892e-05
8.46492766894e-09	-0.000436148169683
8.50642241242e-09	-0.000627811197774
8.54791715589e-09	-0.000579322368139
8.58941189937e-09	-0.000318077625707
8.63090664284e-09	5.08937155246e-05
8.67240138632e-09	0.000386880339647
8.7138961298e-09	0.000567015347769
8.75539087327e-09	0.000530923702172
8.79688561675e-09	0.000300572166452
8.83838036022e-09	-3.11651901939e-05
8.8798751037e-09	-0.000337651021255
8.92136984717e-09	-0.000506600437802
8.96286459065e-09	-0.000481048853544
9.00435933412e-09	-0.000278158418951
9.0458540776e-09	2.00005274564e-05
9.08734882107e-09	0.000299446597637
9.12884356455e-09	0.000457618974906
9.17033830802e-09	0.000440875759523
9.2118330515e-09	0.000262388508418
9.25332779497e-09	-5.41137615073e-06
9.29482253845e-09	-0.000260024542513
9.33631728192e-09	-0.000407871055359
9.3778120254e-09	-0.000398526412027
9.41930676887e-09	-0.000241693320277
9.46080151235e-09	-1.22378355627e-06
9.50229625582e-09	0.000230666602874
9.5437909993e-09	0.000368594264728
9.58528574277e-09	0.000365350912034
9.62678048625e-09	0.000227729007747
9.66827522973e-09	1.19725482364e-05
9.7097699732e-09	-0.000199072244868
9.75126471668e-09	-0.000327605761413
9.79275946015e-09	-0.00032939047378
9.83425420363e-09	-0.000208807261515
9.8757489471e-09	-1.52789625645e-05
9.91724369058e-09	0.000176739486051
9.95873843405e-09	0.000296311438433
1.00002331775e-08	0.000302156622638
1.0041727921e-08	0.000196638931811
1.00832226645e-08	2.31916214943e-05
1.0124717408e-08	-0.000151380598254
1.01662121514e-08	-0.000262502646365
1.02077068949e-08	-0.000271630335192
1.02492016384e-08	-0.000179444094101
1.02906963819e-08	-2.40521021624e-05
1.03321911253e-08	0.000134602039907
1.03736858688e-08	0.000237731775997
1.04151806123e-08	0.00024942739401
1.04566753558e-08	0.000169019702298
1.04981700992e-08	2.98938603009e-05
1.05396648427e-08	-0.000114193322588
1.05811595862e-08	-0.00020979312103
1.06226543297e-08	-0.000223500283028
1.06641490731e-08	-0.000153485612827
1.07056438166e-08	-2.8983494758e-05
1.07471385601e-08	0.000101824838566
1.07886333036e-08	0.000190340597328
1.0830128047e-08	0.000205531057873
1.08716227905e-08	0.000144697347423
1.0913117534e-08	3.33538819177e-05
1.09546122775e-08	-8.53326127981e-05
1.09961070209e-08	-0.000167204569152
1.10376017644e-08	-0.000183468298928
1.10790965079e-08	-0.000130719345179
1.11205912514e-08	-3.11957828671e-05
1.11620859948e-08	7.64456490288e-05
1.12035807383e-08	0.000152094329678
1.12450754818e-08	0.000169063874637
1.12865702253e-08	0.000123426380014
1.13280649687e-08	3.45375929101e-05
1.13695597122e-08	-6.30364229437e-05
1.14110544557e-08	-0.000132868470246
1.14525491992e-08	-0.000150258427311
1.14940439426e-08	-0.000110869583295
1.15355386861e-08	-3.15143497573e-05
1.15770334296e-08	5.68812411075e-05
1.16185281731e-08	0.000121288056107
1.16600229165e-08	0.000138849452924
1.170151766e-08	0.000104940812889
1.17430124035e-08	3.41503837262e-05
1.1784507147e-08	-4.58938948213e-05
1.18260018904e-08	-0.000105240193079
1.18674966339e-08	-0.000122771896713
1.19089913774e-08	-9.36715623538e-05
1.19504861209e-08	-3.05555849991e-05
1.19919808643e-08	4.18902618549e-05
1.20334756078e-08	9.65238941717e-05
1.20749703513e-08	0.00011385988546
1.21164650948e-08	8.89722086868e-05
1.21579598382e-08	3.27374109474e-05
1.21994545817e-08	-3.2801852285e-05
1.22409493252e-08	-8.30589415273e-05
1.22824440687e-08	-0.000100060033219
1.23239388121e-08	-7.88514462329e-05
1.23654335556e-08	-2.87867055704e-05
1.24069282991e-08	3.04783716274e-05
1.24484230426e-08	7.6667049143e-05
1.2489917786e-08	9.32350358198e-05
1.25314125295e-08	7.5236266639e-05
1.2572907273e-08	3.06955798806e-05
1.26144020165e-08	-2.28669373428e-05
1.26558967599e-08	-6.52925991744e-05
1.26973915034e-08	-8.13399346953e-05
1.27388862469e-08	-6.61327940179e-05
1.27803809904e-08	-2.65360536105e-05
1.28218757338e-08	2.18452260015e-05
1.28633704773e-08	6.07823212704e-05
1.29048652208e-08	7.62522195146e-05
1.29463599643e-08	6.34763091512e-05
1.29878547077e-08	2.82989585685e-05
1.30293494512e-08	-1.53845185196e-05
1.30708441947e-08	-5.10924428454e-05
1.31123389382e-08	-6.59403704049e-05
1.31538336816e-08	-5.52697574676e-05
1.31953284251e-08	-2.40433323597e-05
1.32368231686e-08	1.53765881805e-05
1.32783179121e-08	4.80994440295e-05
1.33198126555e-08	6.22935003776e-05
1.3361307399e-08	5.34524988325e-05
1.34028021425e-08	2.5754572107e-05
1.3444296886e-08	-9.80581694421e-06
1.34857916294e-08	-3.97717631131e-05
1.35272863729e-08	-5.32936328455e-05
1.35687811164e-08	-4.6025791562e-05
1.36102758599e-08	-2.14816977859e-05
1.36517706033e-08	1.05777751287e-05
1.36932653468e-08	3.8003086047e-05
1.37347600903e-08	5.08435450683e-05
1.37762548338e-08	4.49339850093e-05
1.38177495772e-08	2.32033644352e-05
1.38592443207e-08	-5.68726431993e-06
1.39007390642e-08	-3.07735881506e-05
1.39422338077e-08	-4.29306201113e-05
1.39837285511e-08	-3.81849777114e-05
1.40252232946e-08	-1.89616935131e-05
1.40667180381e-08	7.05695151737e-06
1.41082127816e-08	2.99865814668e-05
1.4149707525e-08	4.14713758801e-05
1.41912022685e-08	3.77225660486e-05
1.4232697012e-08	2.07341945497e-05
1.42741917555e-08	-2.68964731731e-06
1.43156864989e-08	-2.36349014813e-05
1.43571812424e-08	-3.44570717061e-05
1.43986759859e-08	-3.15591541948e-05
1.44401707294e-08	-1.65585051946e-05
1.44816654729e-08	4.51665766832e-06
1.45231602163e-08	2.36361552197e-05
1.45646549598e-08	3.38130685122e-05
1.46061497033e-08	3.16389832733e-05
1.46476444468e-08	1.84085874935e-05
1.46891391902e-08	-5.45832236298e-07
1.47306339337e-08	-1.79904941433e-05
1.47721286772e-08	-2.7539063467e-05
1.48136234207e-08	-2.59755761363e-05
1.48551181641e-08	-1.43205434142e-05
1.48966129076e-08	2.71745108193e-06
1.49381076511e-08	1.86244478755e-05
1.49796023946e-08	2.75671754935e-05
1.5021097138e-08	2.6518544928e-05
1.50625918815e-08	1.62621154232e-05
1.5104086625e-08	9.55737476716e-07
1.51455813685e-08	-1.35425457302e-05
1.51870761119e-08	-2.19035846385e-05
1.52285708554e-08	-2.1283377464e-05
1.52700655989e-08	-1.22695134905e-05
1.53115603424e-08	1.47458376887e-06
1.53530550858e-08	1.46791910538e-05
1.53945498293e-08	2.2485593945e-05
1.54360445728e-08	2.22220614887e-05
1.54775393163e-08	1.43089666835e-05
1.55190340597e-08	1.97471649699e-06
1.55605288032e-08	-1.00455386018e-05
1.56020235467e-08	-1.73224811988e-05
1.56435182902e-08	-1.73528060259e-05
1.56850130336e-08	-1.04152788936e-05
1.57265077771e-08	6.47798131581e-07
1.57680025206e-08	1.15841432944e-05
1.58094972641e-08	1.83570218724e-05
1.58509920075e-08	1.86275869964e-05
1.5892486751e-08	1.25549308905e-05
1.59339814945e-08	2.63602908035e-06
1.5975476238e-08	-7.30846375063e-06
1.60169709814e-08	-1.36036803724e-05
1.60584657249e-08	-1.4067363054e-05
1.60999604684e-08	-8.7599962626e-06
1.61414552119e-08	1.27322582699e-07
1.61829499553e-08	9.16630733627e-06
1.62244446988e-08	1.50098212544e-05
1.62659394423e-08	1.5626314962e-05
1.63074341858e-08	1.0995583807e-05
1.63489289292e-08	3.03692189618e-06
1.63904236727e-08	-5.17407534062e-06
1.64319184162e-08	-1.059281567e-05
1.64734131597e-08	-1.1327561424e-05
1.65149079031e-08	-7.29397243049e-06
1.65564026466e-08	-1.71519765502e-07
1.65978973901e-08	7.28349152723e-06
1.66393921336e-08	1.23031056773e-05
1.6680886877e-08	1.31270746806e-05
1.67223816205e-08	9.6198978099e-06
1.6763876364e-08	3.2496529343e-06
1.68053711075e-08	-3.51565586243e-06
1.68468658509e-08	-8.15950647848e-06
1.68883605944e-08	-9.04944954527e-06
1.69298553379e-08	-6.00603209477e-06
1.69713500814e-08	-3.11331902481e-07
1.70128448248e-08	5.82456448228e-06
1.70543395683e-08	1.01167263438e-05
1.70958343118e-08	1.10512564788e-05
1.71373290553e-08	8.41663518258e-06
1.71788237987e-08	3.32861435481e-06
1.72203185422e-08	-2.23378776809e-06
1.72618132857e-08	-6.19639627075e-06
1.73033080292e-08	-7.15854389455e-06
1.73448027726e-08	-4.88338514515e-06
1.73862975161e-08	-3.4042929542e-07
1.74277922596e-08	4.69994915875e-06
1.74692870031e-08	8.35524360809e-06
1.75107817465e-08	9.32993225433e-06
